"Id","MSSubClass","MSZoning","LotFrontage","LotArea","Street","Alley","LotShape","LandContour","Utilities","LotConfig","LandSlope","Neighborhood","Condition1","Condition2","BldgType","OverallQual","OverallCond","YearBuilt","YearRemodAdd","RoofStyle","RoofMatl","Exterior1st","MasVnrType","MasVnrArea","ExterQual","ExterCond","Foundation","BsmtQual","BsmtCond","BsmtExposure","BsmtFinType1","BsmtFinType2","BsmtFinSF2","BsmtUnfSF","Heating","HeatingQC","CentralAir","Electrical","X1stFlrSF","LowQualFinSF","BsmtFullBath","BsmtHalfBath","FullBath","HalfBath","BedroomAbvGr","KitchenAbvGr","KitchenQual","TotRmsAbvGrd","Functional","Fireplaces","FireplaceQu","GarageType","GarageYrBlt","GarageArea","PavedDrive","WoodDeckSF","OpenPorchSF","EnclosedPorch","X3SsnPorch","ScreenPorch","PoolArea","Fence","MiscFeature","MiscVal","MoSold","YrSold","SaleType","SaleCondition","SalePrice"
1,"60","RL",65,91.9238815542512,"Pave","None","Reg","Lvl","AllPub","Inside","Gtl","CollgCr","Norm","Norm","1Fam","7","5",2003,2003,"Gable","CompShg","VinylSd","BrkFace",196,"Gd","TA","PConc","Gd","TA","No","GLQ","Unf",0,12.2474487139159,"GasA","Ex","Y","SBrkr",29.2574776766556,0,1,0,2,1,3,1,"Gd",8,"Typ",0,"None","Attchd",2003,23.4093998214393,"Y",0,7.81024967590665,0,0,0,0,"None","None",0,2,2008,"WD","Normal",12.247694320221
2,"20","RL",80,97.9795897113271,"Pave","None","Reg","Lvl","AllPub","Othr","Gtl","Othr","Feedr","Norm","1Fam","6","Othr",1976,1976,"Gable","CompShg","MetalSd","None",0,"TA","TA","CBlock","Gd","TA","Gd","ALQ","Unf",0,16.8522995463527,"GasA","Ex","Y","SBrkr",35.5246393366632,0,0,1,2,0,3,1,"TA",6,"Typ",1,"TA","Attchd",1976,21.4476105895272,"Y",17.2626765016321,0,0,0,0,0,"None","None",0,5,2007,"WD","Normal",12.109010932687
3,"60","RL",68,106.066017177982,"Pave","None","IRG","Lvl","AllPub","Inside","Gtl","CollgCr","Norm","Norm","1Fam","7","5",2001,2002,"Gable","CompShg","VinylSd","BrkFace",162,"Gd","TA","PConc","Gd","TA","Mn","GLQ","Unf",0,20.8326666559997,"GasA","Ex","Y","SBrkr",30.3315017762062,0,1,0,2,1,3,1,"Gd",6,"Typ",1,"TA","Attchd",2001,24.6576560118759,"Y",0,6.48074069840786,0,0,0,0,"None","None",0,9,2008,"WD","Normal",12.3171666930358
4,"Othr","RL",60,97.7241014284603,"Pave","None","IRG","Lvl","AllPub","Corner","Gtl","Othr","Norm","Norm","1Fam","7","5",1915,1970,"Gable","CompShg","Wd Sdng","None",0,"TA","TA","BrkTil","TA","Othr","No","ALQ","Unf",0,23.2379000772445,"GasA","Gd","Y","SBrkr",31,0,1,0,1,0,3,1,"Gd",7,"Typ",1,"Gd","Detchd",1998,25.3377189186399,"Y",0,5.91607978309962,272,0,0,0,"None","None",0,2,2006,"WD","Abnorml",11.8493977015914
5,"60","RL",84,119.415241908225,"Pave","None","IRG","Lvl","AllPub","Othr","Gtl","Othr","Norm","Norm","1Fam","8","5",2000,2000,"Gable","CompShg","VinylSd","BrkFace",350,"Gd","TA","PConc","Gd","TA","Av","GLQ","Unf",0,22.1359436211787,"GasA","Ex","Y","SBrkr",33.8378486313773,0,1,0,2,1,4,1,"Gd",9,"Typ",1,"TA","Attchd",2000,28.9136645896019,"Y",13.856406460551,9.16515138991168,0,0,0,0,"None","None",0,12,2008,"WD","Normal",12.4292161968444
6,"50","RL",85,118.806565475145,"Pave","None","IRG","Lvl","AllPub","Inside","Gtl","Othr","Norm","Norm","1Fam","5","5",1993,1995,"Gable","CompShg","VinylSd","None",0,"TA","TA","Othr","Gd","TA","No","GLQ","Unf",0,8,"GasA","Ex","Y","SBrkr",28.2134719593318,0,1,0,1,1,1,1,"TA",5,"Typ",0,"None","Attchd",1993,21.9089023002066,"Y",6.32455532033676,5.47722557505166,0,320,0,0,"MnPrv","Othr",700,10,2009,"WD","Normal",11.870599909242
7,"20","RL",75,100.419121685066,"Pave","None","Reg","Lvl","AllPub","Inside","Gtl","Somerst","Norm","Norm","1Fam","8","5",2004,2005,"Gable","CompShg","VinylSd","Stone",186,"Gd","TA","PConc","Ex","TA","Av","GLQ","Unf",0,17.8044938147649,"GasA","Ex","Y","SBrkr",41.1582312545134,0,1,0,2,0,3,1,"Gd",7,"Typ",1,"Gd","Attchd",2004,25.219040425837,"Y",15.9687194226713,7.54983443527075,0,0,0,0,"None","None",0,8,2007,"WD","Normal",12.6346030265693
8,"60","RL",71.0990523816635,101.892099791888,"Pave","None","IRG","Lvl","AllPub","Corner","Gtl","Othr","Othr","Norm","1Fam","7","6",1973,1973,"Gable","CompShg","HdBoard","Stone",240,"TA","TA","CBlock","Gd","TA","Mn","ALQ","Othr",5.65685424949238,14.6969384566991,"GasA","Ex","Y","SBrkr",33.2716095192282,0,1,0,2,1,3,1,"TA",7,"Typ",2,"TA","Attchd",1973,22,"Y",15.3297097167559,14.2828568570857,228,0,0,0,"None","Othr",350,11,2009,"WD","Normal",12.2060726455302
9,"50","RM",51,78.2304288624318,"Pave","None","Reg","Lvl","AllPub","Inside","Gtl","OldTown","Othr","Norm","1Fam","7","5",1931,1950,"Gable","CompShg","Othr","None",0,"TA","TA","BrkTil","TA","TA","No","Unf","Unf",0,30.854497241083,"GasA","Gd","Y","Othr",31.9687347262916,0,0,0,2,0,2,2,"TA",8,"Othr",2,"TA","Detchd",1931,21.6333076527839,"Y",9.48683298050514,0,205,0,0,0,"None","None",0,4,2008,"WD","Abnorml",11.7745202026587
10,"Othr","RL",50,86.1394218694321,"Pave","None","Reg","Lvl","AllPub","Corner","Gtl","Othr","Othr","Othr","Othr","5","6",1939,1950,"Gable","CompShg","MetalSd","None",0,"TA","TA","BrkTil","TA","TA","No","GLQ","Unf",0,11.8321595661992,"GasA","Ex","Y","SBrkr",32.8176781628439,0,1,0,1,0,2,2,"TA",5,"Typ",2,"TA","Attchd",1939,14.3178210632764,"Y",0,2,0,0,0,0,"None","None",0,1,2008,"WD","Normal",11.6784399034478
11,"20","RL",70,105.830052442584,"Pave","None","Reg","Lvl","AllPub","Inside","Gtl","Sawyer","Norm","Norm","1Fam","5","5",1965,1965,"Hip","CompShg","HdBoard","None",0,"TA","TA","CBlock","TA","TA","No","Rec","Unf",0,11.5758369027902,"GasA","Ex","Y","SBrkr",32.2490309931942,0,1,0,1,0,3,1,"TA",5,"Typ",0,"None","Detchd",1965,19.5959179422654,"Y",0,0,0,0,0,0,"None","None",0,2,2008,"WD","Normal",11.7714361601217
12,"60","RL",85,109.19706955775,"Pave","None","IRG","Lvl","AllPub","Inside","Gtl","NridgHt","Norm","Norm","1Fam","Othr","5",2005,2006,"Hip","CompShg","Othr","Stone",286,"Othr","TA","PConc","Ex","TA","No","GLQ","Unf",0,13.3041346956501,"GasA","Ex","Y","SBrkr",34.3802268753422,0,1,0,3,0,4,1,"Ex",11,"Typ",2,"Gd","BuiltIn",2005,27.1293199325011,"Y",12.1243556529821,4.58257569495584,0,0,0,0,"None","None",0,7,2006,"New","Partial",12.7512996960135
13,"20","RL",77.9066685690595,113.877126763894,"Pave","None","IRG","Lvl","AllPub","Inside","Gtl","Sawyer","Norm","Norm","1Fam","5","6",1962,1962,"Hip","CompShg","HdBoard","None",0,"TA","TA","CBlock","TA","TA","No","ALQ","Unf",0,13.228756555323,"GasA","TA","Y","SBrkr",30.199337741083,0,1,0,1,0,2,1,"TA",4,"Typ",0,"None","Detchd",1962,18.7616630392937,"Y",11.8321595661992,0,0,0,176,0,"None","None",0,9,2008,"WD","Normal",11.8775685785581
14,"20","RL",91,103.208526779525,"Pave","None","IRG","Lvl","AllPub","Inside","Gtl","CollgCr","Norm","Norm","1Fam","7","5",2006,2007,"Gable","CompShg","VinylSd","Stone",306,"Gd","TA","PConc","Gd","TA","Av","Unf","Unf",0,38.6522961801754,"GasA","Ex","Y","SBrkr",38.6522961801754,0,0,0,2,0,3,1,"Gd",7,"Typ",1,"Gd","Attchd",2006,28.9827534923789,"Y",12.6491106406735,5.74456264653803,0,0,0,0,"None","None",0,8,2007,"New","Partial",12.5407575715773
15,"20","RL",72.515331387394,104.498803820905,"Pave","None","IRG","Lvl","AllPub","Corner","Gtl","NAmes","Norm","Norm","1Fam","6","5",1960,1960,"Hip","CompShg","MetalSd","BrkFace",212,"TA","TA","CBlock","TA","TA","No","BLQ","Unf",0,22.8035085019828,"GasA","TA","Y","SBrkr",35.3977400408557,0,1,0,1,1,2,1,"TA",5,"Typ",1,"Othr","Attchd",1960,18.7616630392937,"Y",0,14.5945195193264,176,0,0,0,"Othr","None",0,5,2008,"WD","Normal",11.9640010843304
16,"Othr","RM",51,78.2304288624318,"Pave","None","Reg","Lvl","AllPub","Corner","Gtl","Othr","Norm","Norm","1Fam","7","Othr",1929,2001,"Gable","CompShg","Wd Sdng","None",0,"TA","TA","BrkTil","TA","TA","No","Unf","Unf",0,28.8444102037119,"GasA","Ex","Y","FuseA",29.2232783924049,0,0,0,1,0,2,1,"TA",5,"Typ",0,"None","Detchd",1991,24,"Y",6.92820323027551,10.5830052442584,0,0,0,0,"Othr","None",0,7,2007,"WD","Normal",11.7905572015685
17,"20","RL",73.3603603108874,106.023582282434,"Pave","None","IRG","Lvl","AllPub","CulDSac","Gtl","NAmes","Norm","Norm","1Fam","6","7",1970,1970,"Gable","CompShg","Wd Sdng","BrkFace",180,"TA","TA","CBlock","TA","TA","No","ALQ","Unf",0,20.6397674405503,"GasA","Ex","Y","SBrkr",31.6859590355097,0,1,0,1,0,2,1,"TA",5,"Typ",1,"TA","Attchd",1970,21.9089023002066,"Y",0,0,0,0,0,0,"None","Othr",700,3,2010,"WD","Normal",11.9117015849276
18,"Othr","RL",72,103.879738159085,"Pave","None","Reg","Lvl","AllPub","Inside","Gtl","Sawyer","Norm","Norm","Othr","4","5",1967,1967,"Gable","CompShg","MetalSd","None",0,"TA","TA","Othr","Othr","Othr","Othr","Othr","Othr",0,0,"GasA","TA","Y","SBrkr",36,0,0,0,2,0,2,2,"TA",6,"Typ",0,"None","Othr",1967,22.7156333832011,"Y",0,0,0,0,0,0,"None","Othr",500,10,2006,"WD","Normal",11.4075649493124
19,"20","RL",66,117.025638216589,"Pave","None","Reg","Lvl","AllPub","Inside","Gtl","Othr","Othr","Norm","1Fam","5","5",2004,2004,"Gable","CompShg","VinylSd","None",0,"TA","TA","PConc","TA","TA","No","GLQ","Unf",0,21.6333076527839,"GasA","Ex","Y","SBrkr",33.3766385365573,0,1,0,1,1,3,1,"Gd",6,"Typ",0,"None","Detchd",2004,24,"Y",0,10.0995049383621,0,0,0,0,"None","None",0,6,2008,"WD","Normal",11.9766594812024
20,"20","RL",70,86.9482604771366,"Pave","None","Reg","Lvl","AllPub","Inside","Gtl","NAmes","Norm","Norm","1Fam","5","6",1958,1965,"Hip","CompShg","Othr","None",0,"TA","TA","CBlock","TA","TA","No","LwQ","Unf",0,22.9128784747792,"GasA","TA","Y","SBrkr",36.592348927064,0,0,0,1,0,3,1,"TA",6,"Othr",0,"None","Attchd",1958,17.1464281994822,"Y",0,0,0,0,0,0,"MnPrv","None",0,5,2009,"Othr","Abnorml",11.8422292121128
21,"60","RL",101,119.226674867665,"Pave","None","IRG","Lvl","AllPub","Corner","Gtl","NridgHt","Norm","Norm","1Fam","8","5",2005,2006,"Gable","CompShg","VinylSd","BrkFace",380,"Gd","TA","PConc","Ex","TA","Av","Unf","Unf",0,34.0293990543471,"GasA","Ex","Y","SBrkr",34.0293990543471,0,0,0,3,1,4,1,"Gd",9,"Typ",1,"Gd","BuiltIn",2005,29.2061637330205,"Y",15.4919333848297,12.4096736459909,0,0,0,0,"None","None",0,11,2006,"New","Partial",12.6925031124614
22,"Othr","RM",57,86.3075894692929,"Pave","Othr","Reg","Othr","AllPub","Inside","Gtl","Othr","Norm","Norm","1Fam","7","7",1930,1950,"Gable","CompShg","Wd Sdng","None",0,"TA","TA","PConc","TA","TA","No","Unf","Unf",0,25.2388589282479,"GasA","Ex","Y","Othr",33.2866339541865,0,0,0,1,0,3,1,"Gd",6,"Typ",1,"Gd","Attchd",1930,16.7332005306815,"N",0,0,205,0,0,0,"Othr","None",0,6,2007,"WD","Normal",11.8451027773086
23,"20","RL",75,98.701570402907,"Pave","None","Reg","Lvl","AllPub","Inside","Gtl","CollgCr","Norm","Norm","1Fam","8","5",2002,2002,"Hip","CompShg","VinylSd","BrkFace",281,"Gd","TA","PConc","Gd","TA","No","Unf","Unf",0,42.154477816716,"GasA","Ex","Y","SBrkr",42.3674403286297,0,0,0,2,0,3,1,"Gd",7,"Typ",1,"Gd","Attchd",2002,23.1084400165827,"Y",13.076696830622,12.6095202129185,0,0,0,0,"None","None",0,9,2008,"WD","Normal",12.3458345879053
24,"120","RM",44,64.9923072370877,"Pave","None","Reg","Lvl","AllPub","Inside","Gtl","Othr","Norm","Norm","TwnhsE","5","7",1976,1976,"Gable","CompShg","Othr","None",0,"TA","TA","PConc","Gd","TA","No","GLQ","Unf",0,14.142135623731,"GasA","TA","Y","SBrkr",32.5576411921994,0,1,0,1,0,3,1,"TA",6,"Typ",1,"TA","Attchd",1976,23.9165214862028,"Y",10,10.4880884817015,0,0,0,0,"None","None",0,6,2007,"WD","Normal",11.7745202026587
25,"20","RL",65.4760561804733,90.8074886779719,"Pave","None","IRG","Lvl","AllPub","Inside","Gtl","Sawyer","Norm","Norm","1Fam","5","Othr",1968,2001,"Gable","CompShg","Plywood","None",0,"TA","Gd","CBlock","TA","TA","Mn","Rec","Othr",25.8456959666402,14.2828568570857,"GasA","Ex","Y","SBrkr",32.5576411921994,0,1,0,1,0,3,1,"Gd",6,"Typ",1,"TA","Attchd",1968,16.431676725155,"Y",20.1494416796099,9.48683298050514,0,0,0,0,"MnPrv","None",0,5,2010,"WD","Normal",11.9447078813958
26,"20","RL",110,119.289563667573,"Pave","None","Reg","Lvl","AllPub","Corner","Gtl","NridgHt","Norm","Norm","1Fam","8","5",2007,2007,"Gable","CompShg","VinylSd","Stone",640,"Gd","TA","PConc","Gd","TA","No","Unf","Unf",0,39.5727178748188,"GasA","Ex","Y","SBrkr",40,0,0,0,2,0,3,1,"Gd",7,"Typ",1,"Gd","Attchd",2007,29.8328677803526,"Y",0,7.48331477354788,0,0,0,0,"None","None",0,7,2009,"WD","Normal",12.4541039123522
27,"20","RL",60,84.8528137423857,"Pave","None","Reg","Lvl","AllPub","Corner","Gtl","NAmes","Norm","Norm","1Fam","5","7",1951,2000,"Gable","CompShg","Wd Sdng","None",0,"TA","TA","CBlock","TA","TA","Mn","BLQ","Othr",22.0454076850486,13.4164078649987,"GasA","TA","Y","SBrkr",30,0,0,1,1,0,3,1,"Gd",5,"Typ",0,"None","Detchd",2005,24,"Y",14.8996644257513,5.65685424949238,0,0,0,0,"None","None",0,5,2010,"WD","Normal",11.8115474774603
28,"20","RL",98,107.135428313887,"Pave","None","Reg","Lvl","AllPub","Inside","Gtl","NridgHt","Norm","Norm","1Fam","8","5",2007,2008,"Gable","CompShg","VinylSd","Stone",200,"Gd","TA","PConc","Ex","TA","No","GLQ","Unf",0,22.0454076850486,"GasA","Ex","Y","SBrkr",41.2795348811006,0,1,0,2,0,3,1,"Gd",7,"Typ",1,"Gd","Attchd",2008,27.7848879788996,"Y",0,7.07106781186548,0,0,0,0,"None","None",0,5,2010,"WD","Normal",12.6313403809345
29,"20","RL",47,127.753669223236,"Pave","None","IRG","Lvl","AllPub","CulDSac","Gtl","NAmes","Norm","Norm","1Fam","5","6",1957,1997,"Gable","CompShg","MetalSd","None",0,"TA","TA","CBlock","TA","TA","Gd","BLQ","Unf",0,14.3874945699382,"GasA","TA","Y","SBrkr",40,0,1,0,1,0,2,1,"TA",6,"Typ",2,"Gd","Attchd",1957,17.8605710994918,"Y",16.9705627484771,16.062378404209,0,0,0,0,"None","None",0,12,2006,"WD","Normal",12.2428866186529
30,"Othr","RM",60,79.5235814082842,"Pave","None","IRG","Lvl","AllPub","Inside","Gtl","Othr","Feedr","Othr","1Fam","4","6",1927,1950,"Gable","CompShg","MetalSd","None",0,"TA","TA","BrkTil","TA","TA","No","Unf","Unf",0,22.8035085019828,"GasA","Othr","N","SBrkr",22.8035085019828,0,0,0,1,0,1,1,"Othr",4,"Typ",0,"None","Detchd",1920,15.4919333848297,"Y",7,0,87,0,0,0,"None","None",0,5,2008,"WD","Normal",11.1345890242503
31,"Othr","Othr",50,92.1954445729289,"Pave","Othr","Reg","Lvl","AllPub","Inside","Gtl","Othr","Feedr","Norm","1Fam","4","Othr",1920,1950,"Othr","CompShg","Othr","None",0,"TA","Othr","BrkTil","TA","TA","No","Unf","Unf",0,25.475478405714,"GasA","TA","N","SBrkr",25.475478405714,0,0,0,1,0,3,1,"TA",6,"Typ",0,"None","Detchd",1920,15.8113883008419,"N",0,7.34846922834953,172,0,0,0,"MnPrv","None",0,7,2008,"WD","Normal",10.5966347330961
32,"20","RL",66.2605378602273,92.4337600663307,"Pave","None","IRG","Lvl","AllPub","CulDSac","Gtl","Sawyer","Norm","Norm","1Fam","5","6",1966,2006,"Gable","CompShg","HdBoard","None",0,"TA","TA","CBlock","TA","TA","No","Unf","Unf",0,35.0428309358705,"GasA","Gd","Y","SBrkr",35.0428309358705,0,0,0,1,1,3,1,"Gd",6,"Typ",0,"None","Attchd",1966,16.4620776331543,"Y",0,8.06225774829855,0,0,0,0,"MnPrv","None",0,6,2008,"WD","Normal",11.9140478236443
33,"20","RL",85,105.114223585583,"Pave","None","Reg","Lvl","AllPub","Corner","Gtl","CollgCr","Norm","Norm","1Fam","8","5",2007,2007,"Gable","CompShg","VinylSd","None",0,"Gd","TA","PConc","Ex","TA","Av","Unf","Unf",0,35.1283361405006,"GasA","Ex","Y","SBrkr",35.1283361405006,0,0,0,2,0,3,1,"Gd",7,"Typ",0,"None","Attchd",2007,22,"Y",0,5.47722557505166,0,0,0,0,"None","None",0,1,2008,"WD","Normal",12.1001564199386
34,"20","RL",70,102.72292830717,"Pave","None","IRG","Lvl","AllPub","Inside","Gtl","NAmes","Norm","Norm","1Fam","5","5",1959,1959,"Hip","CompShg","Othr","None",0,"TA","TA","CBlock","TA","TA","No","Rec","Unf",0,19.4935886896179,"GasA","Gd","Y","SBrkr",41.2310562561766,0,0,1,1,1,4,1,"Gd",6,"Typ",1,"Gd","Attchd",1959,21.142374511866,"Y",0,6.16441400296898,0,0,0,0,"None","None",0,4,2010,"WD","Normal",12.0167264737993
35,"120","RL",60,85.5160803591933,"Pave","None","Reg","Lvl","AllPub","Inside","Gtl","NridgHt","Norm","Norm","TwnhsE","Othr","5",2005,2005,"Hip","CompShg","MetalSd","BrkFace",246,"Othr","TA","PConc","Ex","TA","No","GLQ","Unf",0,20.1990098767242,"GasA","Ex","Y","SBrkr",39.5094925302768,0,1,0,2,0,2,1,"Ex",6,"Typ",1,"Gd","Attchd",2005,23.5796522451032,"Y",14.247806848775,6.85565460040104,0,0,0,0,"None","None",0,8,2007,"WD","Normal",12.5335762121686
36,"60","RL",108,115.83609109427,"Pave","None","Reg","Lvl","AllPub","Inside","Gtl","NridgHt","Norm","Norm","1Fam","8","5",2004,2005,"Gable","CompShg","VinylSd","Stone",132,"Gd","TA","PConc","Ex","TA","Av","Unf","Unf",0,33.4215499341368,"GasA","Ex","Y","SBrkr",33.6452076825214,0,0,0,3,1,4,1,"Gd",9,"Typ",1,"Gd","BuiltIn",2004,26.2868788561898,"Y",10.6301458127346,5.65685424949238,0,0,0,0,"None","None",0,9,2006,"WD","Normal",12.6410965558799
37,"20","RL",112,104.206525707366,"Pave","None","Reg","Lvl","AllPub","Corner","Gtl","CollgCr","Norm","Norm","1Fam","5","5",1994,1995,"Gable","CompShg","VinylSd","None",0,"TA","TA","PConc","Gd","TA","No","Unf","Unf",0,33.1209903233584,"GasA","Ex","Y","SBrkr",33.1209903233584,0,0,0,1,1,3,1,"TA",6,"Typ",0,"None","Attchd",1995,25.9229627936314,"Y",19.7989898732233,8,0,0,0,0,"None","None",0,6,2009,"WD","Normal",11.8844890214027
38,"20","RL",74,92.3688259100439,"Pave","None","Reg","Lvl","AllPub","Inside","Gtl","NAmes","Norm","Norm","1Fam","5","6",1954,1990,"Hip","CompShg","Wd Sdng","BrkFace",650,"TA","TA","CBlock","TA","TA","No","Rec","Unf",0,9.16515138991168,"GasA","Gd","Y","SBrkr",36.0138862107382,0,0,1,1,0,3,1,"TA",5,"Typ",1,"TA","Attchd",1954,22.3159136044214,"Y",0,0,0,0,0,0,"None","None",0,10,2009,"WD","Normal",11.9381932003746
39,"20","RL",68,89.0056178002265,"Pave","None","Reg","Lvl","AllPub","Inside","Gtl","NAmes","Norm","Norm","1Fam","5","7",1953,2007,"Gable","CompShg","VinylSd","None",0,"TA","Gd","CBlock","TA","TA","No","GLQ","Unf",0,18.0554700852678,"GasA","TA","Y","SBrkr",32.5115364140177,0,1,0,1,0,3,1,"Gd",5,"Typ",0,"None","Detchd",1953,15.6843871413581,"Y",0,7.21110255092798,0,0,0,0,"None","None",0,1,2010,"WD","Abnorml",11.5991031612113
40,"Othr","RL",65,77.7174369109018,"Pave","None","Reg","Lvl","AllPub","Inside","Gtl","Edwards","Norm","Norm","Othr","4","5",1955,1955,"Gable","CompShg","Othr","None",0,"TA","TA","PConc","Othr","Othr","Othr","Othr","Othr",0,0,"GasA","TA","N","Othr",33.9411254969543,0,0,0,2,0,2,2,"Othr",6,"Typ",0,"None","None",1929,0,"N",0,0,0,0,0,0,"None","None",0,6,2008,"WD","Othr",11.3144745262464
41,"20","RL",84,93.0483745156249,"Pave","None","Reg","Lvl","AllPub","Inside","Gtl","NAmes","Norm","Norm","1Fam","6","5",1965,1965,"Gable","CompShg","Wd Sdng","BrkFace",101,"TA","TA","CBlock","TA","TA","No","Rec","Unf",0,21.095023109729,"GasA","Ex","Y","SBrkr",36.3868107973205,0,0,0,2,0,3,1,"TA",6,"Typ",1,"TA","Attchd",1965,20.976176963403,"Y",0,11.7473401244707,0,0,0,0,"Othr","None",0,12,2006,"WD","Abnorml",11.982929094216
42,"20","RL",115,130.019229347047,"Pave","None","Reg","Lvl","AllPub","Inside","Gtl","Othr","Norm","Norm","1Fam","5","6",1959,1959,"Gable","CompShg","VinylSd","None",0,"TA","Gd","CBlock","TA","TA","Gd","BLQ","Unf",0,19.5703857907809,"GasA","Gd","Y","SBrkr",36.4417343165772,0,0,1,1,1,2,1,"TA",5,"Typ",2,"Gd","Attchd",1959,17.5499287747842,"Othr",0,10.1980390271856,0,0,0,0,"None","None",0,7,2007,"WD","Normal",12.0435537160324
43,"Othr","RL",67.9348007740649,95.8123165360279,"Pave","None","IRG","Lvl","AllPub","CulDSac","Gtl","Othr","Norm","Norm","1Fam","5","7",1983,1983,"Gable","CompShg","HdBoard","None",0,"TA","TA","CBlock","Gd","TA","Av","ALQ","Othr",9.64365076099295,0,"GasA","Gd","Y","SBrkr",29.732137494637,0,1,0,1,0,2,1,"Gd",5,"Typ",0,"None","Attchd",1983,22.4499443206436,"Y",15.4919333848297,0,0,0,0,0,"MnPrv","None",0,12,2007,"WD","Normal",11.8775685785581
44,"20","RL",67.9874505512296,95.9166304662544,"Pave","None","IRG","Lvl","AllPub","CulDSac","Gtl","CollgCr","Norm","Norm","1Fam","5","6",1975,1980,"Hip","CompShg","VinylSd","None",0,"TA","TA","CBlock","Gd","TA","Av","LwQ","Othr",22.1585198061603,12.9228479833201,"GasA","TA","Y","SBrkr",30.6267856622271,0,1,0,1,0,3,1,"TA",5,"Typ",0,"None","Detchd",1977,17.5499287747842,"Y",12.0415945787923,0,0,0,0,0,"MnPrv","None",0,7,2008,"WD","Normal",11.7772109596156
45,"20","RL",70,89.1347294829574,"Pave","None","Reg","Lvl","AllPub","Inside","Gtl","NAmes","Norm","Norm","1Fam","5","6",1959,1959,"Gable","CompShg","Othr","None",0,"TA","TA","CBlock","TA","TA","No","ALQ","Othr",22.494443758404,21.5638586528478,"GasA","Ex","Y","FuseA",33.9116499156263,0,1,0,1,0,3,1,"TA",6,"Typ",0,"None","Attchd",1959,17.3205080756888,"Y",0,0,0,0,0,0,"None","None",0,5,2006,"WD","Normal",11.8565151693603
46,"120","RL",61,87.5099994286367,"Pave","None","Reg","Lvl","AllPub","Inside","Gtl","NridgHt","Norm","Norm","TwnhsE","Othr","5",2005,2005,"Hip","CompShg","MetalSd","BrkFace",412,"Othr","TA","PConc","Ex","TA","No","GLQ","Unf",0,36,"GasA","Ex","Y","SBrkr",41.8568990729127,0,1,0,2,0,2,1,"Ex",6,"Typ",1,"Gd","Attchd",2005,24,"Y",14,9.05538513813742,0,0,0,0,"None","None",0,2,2010,"WD","Normal",12.6757637259376
47,"50","RL",48,113.23427043082,"Pave","None","IRG","Lvl","AllPub","CulDSac","Gtl","Othr","Norm","Norm","1Fam","7","5",2003,2003,"Gable","CompShg","VinylSd","None",0,"Gd","TA","PConc","Ex","TA","No","GLQ","Unf",0,9.1104335791443,"GasA","Ex","Y","SBrkr",38.9615194775563,0,1,0,1,1,1,1,"Gd",6,"Typ",1,"Othr","Attchd",2003,25.8843582110896,"Y",12.9614813968157,6.557438524302,0,0,198,0,"None","None",0,8,2009,"WD","Abnorml",12.3870850123755
48,"20","Othr",84,105.33755265811,"Pave","None","Reg","Lvl","AllPub","Inside","Gtl","Somerst","Norm","Norm","1Fam","8","5",2006,2006,"Gable","CompShg","VinylSd","None",0,"Gd","TA","PConc","Gd","TA","Av","GLQ","Unf",0,40.3980197534483,"GasA","Ex","Y","SBrkr",40.6939798987516,0,0,0,2,0,3,1,"Gd",7,"Typ",0,"None","Attchd",2006,28.7402157263998,"Y",0,12.0830459735946,0,0,0,0,"None","None",0,7,2007,"WD","Normal",12.4280154762679
49,"Othr","RM",33,66.7532770731145,"Pave","None","Reg","Lvl","AllPub","Inside","Gtl","OldTown","Norm","Norm","Othr","4","5",1920,2008,"Gable","CompShg","MetalSd","None",0,"TA","TA","BrkTil","TA","TA","No","Unf","Unf",0,27.1293199325011,"GasA","Gd","Y","SBrkr",27.1293199325011,0,0,0,2,0,2,3,"TA",8,"Typ",0,"None","None",1989,0,"N",0,0,102,0,0,0,"None","None",0,6,2009,"New","Partial",11.6351430976945
50,"20","RL",66,87.9886356298357,"Pave","None","Reg","Lvl","AllPub","Inside","Gtl","Sawyer","Norm","Norm","1Fam","5","7",1966,1966,"Gable","CompShg","HdBoard","None",0,"TA","TA","CBlock","TA","TA","No","BLQ","Unf",0,13.856406460551,"GasA","Ex","Y","SBrkr",30.9030742807249,0,1,0,1,0,3,1,"TA",6,"Typ",0,"None","Attchd",1966,19.6468827043885,"Y",0,0,0,0,0,0,"MnPrv","None",0,1,2007,"WD","Normal",11.7519423654407
51,"60","RL",80.2785410303293,117.766718558343,"Pave","None","IRG","Lvl","AllPub","Corner","Gtl","Gilbert","Norm","Norm","1Fam","6","6",1997,1997,"Gable","CompShg","VinylSd","None",0,"TA","TA","PConc","Gd","TA","Av","GLQ","Unf",0,24.738633753706,"GasA","Gd","Y","SBrkr",28.1780056072107,0,0,1,2,0,3,1,"TA",6,"Typ",0,"None","Attchd",1997,19.6977156035922,"Y",0,8.66025403784439,0,0,0,0,"None","None",0,7,2007,"WD","Normal",12.083905011556
52,"50","RM",52,78.993670632526,"Pave","None","Reg","Lvl","AllPub","Inside","Gtl","Othr","Norm","Norm","1Fam","6","6",1934,1950,"Gable","CompShg","Wd Sdng","None",0,"TA","TA","PConc","TA","TA","No","Unf","Unf",0,28.5657137141714,"GasA","TA","Y","SBrkr",28.5657137141714,360,0,0,1,0,3,1,"TA",6,"Typ",1,"Gd","Detchd",1985,22.9782505861521,"Y",10.5830052442584,0,0,0,0,0,"MnPrv","Othr",400,9,2006,"WD","Normal",11.6483301019764
53,"Othr","RM",110,92.0434679920308,"Othr","None","IRG","Othr","AllPub","Corner","Othr","Othr","Othr","Norm","Othr","5","5",1963,1963,"Gable","CompShg","Wd Sdng","None",0,"Othr","TA","CBlock","Gd","TA","Gd","LwQ","Othr",26.6833281282527,0,"GasA","TA","N","SBrkr",28.5657137141714,0,1,0,1,0,2,1,"TA",5,"Typ",0,"None","Othr",1963,22.7156333832011,"Y",10.295630140987,0,0,0,0,0,"None","None",0,5,2010,"WD","Normal",11.6082356447746
54,"20","RL",68,224.211953294199,"Pave","None","IRG","Othr","AllPub","Inside","Gtl","Othr","Norm","Norm","1Fam","Othr","5",1981,1987,"Gable","Othr","Othr","None",0,"Gd","TA","CBlock","Ex","TA","Gd","GLQ","Unf",0,5.65685424949238,"GasA","Gd","Y","SBrkr",42.9185274677499,0,2,0,0,1,0,1,"Gd",5,"Typ",1,"Gd","Attchd",1981,29.8998327754521,"Y",29.2745623366089,8.48528137423857,0,0,0,0,"None","None",0,11,2006,"WD","Normal",12.8609986132699
55,"Othr","RL",60,84.4630096551147,"Pave","None","Reg","Othr","AllPub","Inside","Othr","NAmes","Norm","Norm","1Fam","5","5",1955,1955,"Gable","CompShg","MetalSd","None",0,"TA","TA","CBlock","TA","TA","No","ALQ","Unf",0,0,"GasA","TA","Y","SBrkr",36.8781778291715,0,0,0,1,0,3,1,"TA",6,"Othr",1,"TA","Detchd",1962,23.9165214862028,"Y",0,7.07106781186548,0,0,0,0,"MnPrv","None",0,2,2007,"WD","Normal",11.7752897294377
56,"20","RL",100,100.87120500916,"Pave","None","IRG","Lvl","AllPub","Inside","Gtl","NAmes","Norm","Norm","1Fam","6","5",1964,1964,"Gable","CompShg","HdBoard","BrkFace",272,"TA","TA","CBlock","TA","TA","No","BLQ","Unf",0,30.5777697028413,"GasA","Gd","Y","SBrkr",37.7491721763537,0,0,0,2,0,3,1,"TA",7,"Typ",1,"Gd","Attchd",1964,24,"Y",0,0,0,407,0,0,"None","None",0,7,2008,"WD","Normal",12.1034860567551
57,"Othr","Othr",24,51.4295634824952,"Pave","Othr","Reg","Lvl","AllPub","Inside","Gtl","Somerst","Norm","Norm","Othr","8","5",1999,2000,"Gable","CompShg","MetalSd","BrkFace",456,"Gd","TA","PConc","Gd","TA","No","GLQ","Unf",0,17.9164728671689,"GasA","Ex","Y","SBrkr",31.3528308131818,0,1,0,2,1,3,1,"Gd",7,"Typ",0,"None","Attchd",1999,21.9089023002066,"Y",10.7238052947636,0,0,0,0,0,"None","None",0,8,2009,"WD","Abnorml",12.0581525154536
58,"60","RL",89,107.912001186152,"Pave","None","IRG","Lvl","AllPub","Corner","Gtl","CollgCr","Norm","Norm","1Fam","7","5",2004,2004,"Gable","CompShg","VinylSd","None",0,"Gd","TA","PConc","Gd","TA","No","Unf","Unf",0,29.3257565972304,"GasA","Ex","Y","SBrkr",29.3257565972304,0,0,0,2,1,3,1,"Gd",7,"Typ",0,"None","Attchd",2004,23.7697286480094,"Y",0,8.36660026534076,0,0,0,0,"None","None",0,8,2006,"WD","Normal",12.1884177102915
59,"60","RL",66,116.970081644838,"Pave","None","IRG","Othr","AllPub","CulDSac","Gtl","Othr","Norm","Norm","1Fam","Othr","5",2006,2006,"Hip","CompShg","VinylSd","BrkFace",1031,"Othr","TA","PConc","Ex","TA","Gd","Unf","Unf",0,37.5499667110372,"GasA","Ex","Y","SBrkr",37.7624151769984,0,0,0,3,1,3,1,"Gd",10,"Typ",1,"Gd","BuiltIn",2006,25.3179778023443,"Y",13.856406460551,0,37,0,0,0,"None","None",0,10,2006,"New","Partial",12.9917534274931
60,"20","RL",60,84.8528137423857,"Pave","None","Reg","Othr","AllPub","Inside","Gtl","CollgCr","Norm","Norm","1Fam","5","7",1972,1972,"Gable","CompShg","HdBoard","None",0,"TA","TA","CBlock","TA","TA","Av","ALQ","Unf",0,12.1655250605964,"GasA","Ex","Y","SBrkr",27.9284800875379,0,0,0,1,0,2,1,"TA",4,"Typ",0,"None","Detchd",1973,18.7616630392937,"Y",14,0,0,0,0,0,"MnPrv","None",0,1,2008,"WD","Normal",11.7352686961137
61,"20","RL",63,114.332847423652,"Pave","None","Reg","Lvl","AllPub","Inside","Gtl","Othr","Othr","Norm","1Fam","6","5",2004,2004,"Gable","CompShg","VinylSd","None",0,"TA","TA","PConc","Gd","TA","No","ALQ","Unf",0,14.7309198626562,"GasA","Ex","Y","SBrkr",34.0293990543471,0,1,0,1,1,3,1,"Gd",5,"Typ",0,"None","Detchd",2006,24,"Y",0,7.07106781186548,0,0,0,0,"None","None",0,5,2006,"New","Partial",11.9703503120091
62,"Othr","RM",60,84.8528137423857,"Pave","None","Reg","Lvl","AllPub","Inside","Gtl","Othr","Norm","Norm","1Fam","5","7",1920,1996,"Gable","CompShg","MetalSd","None",0,"TA","TA","BrkTil","TA","Othr","No","Unf","Unf",0,23.0217288664427,"GasA","TA","N","SBrkr",24.1039415863879,0,0,0,1,0,3,1,"Othr",6,"Typ",0,"None","Detchd",1935,16.9705627484771,"N",0,0,144,0,0,0,"None","None",0,3,2007,"WD","Normal",11.5228757958234
63,"120","RL",44,80.2620707432845,"Pave","None","IRG","Lvl","AllPub","Inside","Gtl","NridgHt","Norm","Norm","TwnhsE","8","5",2006,2006,"Gable","CompShg","VinylSd","Stone",178,"Gd","TA","PConc","Gd","Othr","Mn","GLQ","Unf",0,36.6878726556883,"GasA","Ex","Y","SBrkr",37.0135110466435,0,0,0,2,0,2,1,"Gd",6,"Typ",1,"Gd","Attchd",2006,22,"Y",10.9544511501033,7,0,0,0,0,"None","None",0,10,2007,"WD","Normal",12.2184951655287
64,"Othr","RM",50,101.488915650922,"Pave","None","IRG","Othr","AllPub","Inside","Gtl","OldTown","Othr","Othr","1Fam","7","6",1921,1950,"Gable","CompShg","Othr","None",0,"TA","TA","BrkTil","TA","TA","No","Unf","Unf",0,24,"GasA","Gd","Y","SBrkr",30.0333148353624,0,0,0,2,0,3,1,"TA",9,"Typ",0,"None","Detchd",1990,21.9089023002066,"Y",3.46410161513775,3.3166247903554,64,0,0,0,"Othr","None",0,4,2010,"WD","Normal",11.8493977015914
65,"60","RL",68.4481361014207,96.8245836551854,"Pave","None","Reg","Lvl","AllPub","Inside","Gtl","CollgCr","Norm","Norm","1Fam","7","5",1997,1998,"Gable","CompShg","VinylSd","BrkFace",573,"TA","TA","PConc","Gd","TA","No","GLQ","Unf",0,17.832554500127,"GasA","Ex","Y","SBrkr",32.5115364140177,0,1,0,2,1,3,1,"Gd",8,"Typ",0,"None","Attchd",1998,25.3968501984006,"Y",24,6,0,0,0,0,"Othr","None",0,2,2009,"WD","Normal",12.2991075114974
66,"60","RL",76,97.933651009242,"Pave","None","Reg","Lvl","AllPub","Inside","Gtl","NridgHt","Norm","Norm","1Fam","8","5",2004,2005,"Gable","CompShg","VinylSd","BrkFace",344,"Gd","TA","PConc","Ex","TA","Av","Unf","Unf",0,33.8082830087539,"GasA","Ex","Y","SBrkr",33.8082830087539,0,0,0,2,1,4,1,"Gd",9,"Typ",1,"Gd","BuiltIn",2004,29.1890390386528,"Y",13.856406460551,12.2882057274445,0,0,0,0,"None","None",0,10,2007,"WD","Normal",12.6666570528594
67,"20","RL",96.1550813343452,141.067359796659,"Pave","None","Reg","Lvl","AllPub","Inside","Gtl","NAmes","Othr","Norm","1Fam","7","5",1970,1989,"Gable","CompShg","Plywood","BrkFace",287,"TA","TA","CBlock","Gd","TA","Gd","GLQ","Unf",0,32.1714158842908,"GasA","TA","Y","SBrkr",46.9787185861854,0,1,0,2,0,3,1,"TA",7,"Othr",1,"Gd","Attchd",1970,24,"Y",17.3493515728975,0,0,0,0,0,"None","None",0,7,2010,"WD","Normal",12.1007121298723
68,"20","RL",72,103.271486868351,"Pave","None","IRG","Lvl","AllPub","Inside","Gtl","CollgCr","Norm","Norm","1Fam","7","5",2003,2003,"Gable","CompShg","VinylSd","BrkFace",167,"Gd","TA","PConc","Gd","TA","Av","GLQ","Unf",0,20.976176963403,"GasA","Ex","Y","SBrkr",38.4577690460588,0,1,0,2,0,3,1,"Gd",7,"Typ",0,"None","Attchd",2003,23.6220236220354,"Y",12,5.3851648071345,0,0,0,0,"None","None",0,6,2007,"WD","Normal",12.3282902782544
69,"Othr","RM",47,67.8822509939086,"Pave","None","Reg","Lvl","AllPub","Corner","Gtl","OldTown","Othr","Norm","1Fam","4","6",1945,1950,"Gable","CompShg","MetalSd","None",0,"TA","Gd","CBlock","TA","TA","No","Unf","Unf",0,27.3313007374329,"GasA","TA","Y","SBrkr",27.3313007374329,0,0,0,1,0,2,1,"TA",4,"Typ",0,"None","Attchd",1945,14.8323969741913,"Y",0,0,0,0,0,0,"None","None",0,6,2010,"WD","Normal",11.289781913656
70,"50","RL",81,124.871934396805,"Pave","None","Reg","Lvl","AllPub","Corner","Gtl","Othr","Norm","Norm","1Fam","7","Othr",1953,1953,"Gable","CompShg","Othr","None",0,"Gd","TA","CBlock","TA","TA","No","BLQ","Unf",0,26.4764045897475,"Othr","TA","Y","SBrkr",36.1109401705356,0,0,0,2,0,3,1,"TA",7,"Typ",1,"TA","Attchd",1953,25.8263431402899,"Y",0,4.58257569495584,114,0,0,0,"None","None",0,7,2006,"WD","Normal",12.3238556811866
71,"20","RL",95,116.837493982026,"Pave","None","IRG","Lvl","AllPub","Inside","Gtl","NAmes","Norm","Norm","1Fam","7","6",1973,1973,"Gable","CompShg","Plywood","BrkFace",1115,"TA","Gd","CBlock","Gd","TA","Gd","ALQ","Unf",0,18.5202591774521,"GasA","Ex","Y","SBrkr",47.1487009365051,0,1,0,2,0,3,1,"TA",8,"Typ",2,"Gd","Attchd",1973,22.7156333832011,"Y",17.3205080756888,0,0,0,0,0,"None","None",0,2,2007,"WD","Normal",12.4049235042753
72,"20","RL",69,87.17224328879,"Pave","None","Reg","Lvl","AllPub","Corner","Gtl","Othr","Norm","Norm","1Fam","4","6",1982,2006,"Gable","CompShg","HdBoard","None",0,"TA","TA","CBlock","TA","TA","No","ALQ","Unf",0,16.7332005306815,"GasA","TA","Y","SBrkr",29.0688837074973,0,1,0,1,0,2,1,"TA",4,"Typ",0,"None","Detchd",1987,18.9736659610103,"Y",0,0,0,0,0,0,"None","None",0,6,2007,"WD","Normal",11.7714361601217
73,"60","RL",74,100.702532242243,"Pave","None","IRG","Lvl","AllPub","Corner","Gtl","Gilbert","Norm","Norm","1Fam","7","5",1998,1998,"Gable","CompShg","VinylSd","BrkFace",40,"TA","TA","PConc","Gd","TA","No","Unf","Unf",0,28.8444102037119,"GasA","Gd","Y","SBrkr",29.748949561287,0,0,0,2,1,3,1,"TA",7,"Typ",1,"TA","Attchd",1998,20.6639783197718,"Y",0,9.69535971483266,0,0,291,0,"None","None",0,12,2009,"WD","Normal",12.1281111040605
74,"20","RL",85,100.995049383621,"Pave","None","Reg","Lvl","AllPub","Inside","Gtl","NAmes","Norm","Norm","1Fam","5","7",1954,2003,"Gable","CompShg","Wd Sdng","BrkFace",104,"TA","TA","CBlock","TA","TA","No","ALQ","Othr",19.0262975904404,20.0997512422418,"GasA","Gd","Y","SBrkr",32.9545141065682,0,1,0,1,0,3,1,"TA",6,"Typ",0,"None","Attchd",1989,22.1359436211787,"Y",0,0,0,0,0,0,"Othr","None",0,5,2010,"WD","Normal",11.8837991283088
75,"50","RM",60,76.0920495189872,"Pave","None","Reg","Lvl","AllPub","Corner","Gtl","OldTown","Norm","Norm","1Fam","Othr","6",1915,1950,"Othr","CompShg","VinylSd","None",0,"Gd","Gd","CBlock","Othr","TA","No","Unf","Unf",0,28.9827534923789,"GasA","Gd","N","SBrkr",28.9827534923789,0,0,0,2,0,3,2,"TA",8,"Typ",0,"None","Detchd",1915,19.4679223339318,"Y",0,0,202,0,0,0,"None","None",0,5,2010,"WD","Normal",11.5843154610569
76,"Othr","RM",21,39.9499687108764,"Pave","None","Reg","Lvl","AllPub","Inside","Gtl","Othr","Norm","Norm","Othr","4","5",1973,1973,"Gable","CompShg","Othr","None",0,"TA","TA","CBlock","Gd","TA","Gd","GLQ","Unf",0,0,"GasA","TA","Y","SBrkr",22.9346898823594,0,1,0,1,0,2,1,"TA",5,"Typ",0,"None","BuiltIn",1973,17.2336879396141,"Y",10.9544511501033,10.0498756211209,0,0,0,0,"Othr","None",0,11,2009,"WD","Normal",11.418614785499
77,"20","RL",66.0788961290091,92.0597631976098,"Pave","None","IRG","Lvl","AllPub","Inside","Gtl","NAmes","Norm","Norm","1Fam","4","7",1956,1956,"Gable","CompShg","VinylSd","None",0,"TA","TA","CBlock","TA","TA","No","ALQ","Unf",0,26.9072480941474,"GasA","Ex","Y","FuseA",30.854497241083,0,0,0,1,0,2,1,"TA",4,"Typ",0,"None","Detchd",1956,16.8226038412607,"Y",0,0,0,0,0,0,"None","None",0,4,2008,"WD","Normal",11.8185702377962
78,"50","RM",50,92.9247006990068,"Pave","None","Reg","Lvl","AllPub","Inside","Gtl","Othr","Norm","Norm","1Fam","5","5",1948,2001,"Gable","CompShg","Wd Sdng","None",0,"TA","TA","CBlock","TA","TA","No","BLQ","Othr",6.40312423743285,17.1755640373177,"GasA","TA","Y","SBrkr",32.7414110874898,0,1,0,1,0,2,1,"TA",6,"Othr",0,"None","Detchd",1948,15.4919333848297,"Y",0,0,0,0,0,0,"MnPrv","None",0,1,2008,"WD","Normal",11.7519423654407
79,"Othr","RL",72,103.817146945965,"Pave","None","Reg","Lvl","AllPub","Inside","Gtl","Sawyer","Norm","Norm","Othr","4","5",1968,1968,"Hip","CompShg","HdBoard","None",0,"TA","TA","CBlock","TA","TA","No","Unf","Unf",0,42.0475920832573,"GasA","TA","N","SBrkr",42.0475920832573,0,0,0,2,0,4,2,"TA",8,"Typ",0,"None","None",1987,0,"Y",0,0,0,0,0,0,"None","None",0,4,2010,"WD","Normal",11.8240798936072
80,"50","RM",60,102.176318195558,"Pave","Othr","Reg","Lvl","AllPub","Corner","Gtl","OldTown","Norm","Norm","1Fam","5","6",1910,1981,"Gable","CompShg","Wd Sdng","None",0,"TA","TA","PConc","TA","TA","No","Unf","Unf",0,20.976176963403,"GasA","Gd","Y","SBrkr",26.1151297144012,0,0,0,1,1,2,1,"TA",5,"Typ",0,"None","Detchd",1966,20.976176963403,"Y",8.60232526704263,0,128,0,0,0,"MnPrv","None",0,5,2009,"WD","Normal",11.6082356447746
81,"60","RL",100,114.017542509914,"Pave","None","Reg","Lvl","AllPub","Corner","Gtl","NAmes","Norm","Norm","1Fam","6","6",1968,1968,"Gable","CompShg","VinylSd","BrkFace",576,"TA","Gd","CBlock","Gd","TA","No","Rec","Unf",0,21.1660104885167,"GasA","TA","Y","SBrkr",34.3802268753422,0,0,0,2,1,4,1,"Gd",8,"Typ",1,"Gd","Attchd",1968,22.561028345357,"Y",0,8.48528137423857,0,0,252,0,"None","None",0,6,2009,"WD","Normal",12.173032791452
82,"120","RM",32,67.0820393249937,"Pave","None","Reg","Lvl","AllPub","Othr","Gtl","Othr","Norm","Norm","TwnhsE","6","5",1998,1998,"Hip","CompShg","VinylSd","BrkFace",443,"TA","Gd","PConc","Ex","Othr","No","GLQ","Unf",0,6,"GasA","Ex","Y","SBrkr",36.5650105975644,0,1,0,2,0,2,1,"TA",5,"Typ",0,"None","Attchd",1998,20.1246117974981,"Y",0,14.1067359796659,0,0,0,0,"None","None",0,3,2006,"WD","Normal",11.9414558460094
83,"20","RL",78,101.024749442896,"Pave","None","Reg","Lvl","AllPub","Inside","Gtl","Somerst","Norm","Norm","1Fam","8","5",2007,2007,"Gable","CompShg","VinylSd","Stone",468,"TA","TA","PConc","Gd","TA","No","GLQ","Unf",0,39.1152144312159,"GasA","Ex","Y","SBrkr",39.5347948015416,0,0,0,2,0,3,1,"Gd",6,"Typ",1,"Gd","Attchd",2007,27.5317997958724,"Y",12,9.9498743710662,0,0,0,0,"None","None",0,10,2008,"WD","Normal",12.4090134895269
84,"20","RL",80,94.2974018730103,"Pave","None","IRG","Lvl","AllPub","Inside","Gtl","NAmes","Norm","Norm","1Fam","5","5",1960,1960,"Gable","CompShg","MetalSd","None",66,"TA","TA","CBlock","TA","TA","No","Unf","Unf",0,32.6343377441614,"GasA","Gd","Y","SBrkr",32.6343377441614,0,0,0,1,1,3,1,"TA",6,"Typ",0,"None","Detchd",1974,21.4709105535839,"Y",8.60232526704263,0,0,0,0,0,"None","None",0,7,2007,"Othr","Normal",11.7479975871497
85,"Othr","RL",66.2236830162121,92.3579991121505,"Pave","None","IRG","Lvl","AllPub","Inside","Gtl","Gilbert","Norm","Norm","1Fam","7","5",1995,1996,"Gable","CompShg","HdBoard","BrkFace",22,"TA","TA","PConc","Gd","TA","No","Unf","Unf",0,19.5959179422654,"GasA","Gd","Y","SBrkr",28.3548937575157,0,0,0,2,1,3,1,"TA",7,"Typ",1,"TA","BuiltIn",1995,20,"Y",10.9544511501033,8.48528137423857,0,0,0,0,"None","Othr",700,5,2009,"WD","Normal",12.0346910287746
86,"60","RL",121,126.724109781841,"Pave","None","Reg","Lvl","AllPub","Corner","Gtl","Othr","Norm","Norm","1Fam","8","5",1991,1992,"Hip","CompShg","HdBoard","BrkFace",284,"Gd","TA","CBlock","Gd","TA","No","Unf","Unf",0,35.8887168898527,"GasA","Ex","Y","SBrkr",36.0693775937429,0,0,0,2,1,4,1,"Gd",9,"Typ",1,"TA","Attchd",1991,21.4941852602047,"Y",11.2694276695846,9.05538513813742,0,0,0,0,"None","None",0,4,2006,"WD","Normal",12.4684369099977
87,"60","RL",122,109.137527917761,"Pave","None","IRG","Lvl","AllPub","Inside","Gtl","Gilbert","Norm","Norm","1Fam","6","5",2005,2005,"Gable","CompShg","VinylSd","None",0,"Gd","TA","PConc","Gd","TA","Av","Unf","Unf",0,26.153393661244,"GasA","Ex","Y","SBrkr",26.153393661244,0,0,0,2,1,3,1,"Gd",6,"Typ",1,"Gd","BuiltIn",2005,20,"Y",10,6.16441400296898,0,0,0,0,"None","None",0,3,2009,"WD","Normal",12.0668105781967
88,"Othr","Othr",40,62.8569805192709,"Pave","Othr","Reg","Lvl","AllPub","Corner","Gtl","Somerst","Norm","Norm","TwnhsE","6","5",2009,2009,"Gable","CompShg","VinylSd","Stone",76,"Gd","TA","PConc","Gd","TA","Av","Unf","Unf",0,24.738633753706,"GasA","Ex","Y","SBrkr",24.738633753706,0,0,0,2,1,2,1,"Gd",4,"Typ",0,"None","Detchd",2009,22.9782505861521,"Y",0,15.2970585407784,0,0,0,0,"None","None",0,6,2009,"New","Partial",12.0106658491876
89,"50","Othr",105,92.0326029187483,"Pave","None","IRG","Lvl","AllPub","Corner","Gtl","Othr","Feedr","Othr","1Fam","Othr","Othr",1915,1982,"Hip","CompShg","Plywood","None",0,"Othr","Othr","CBlock","TA","Othr","No","Unf","Unf",0,31.8276609256791,"GasA","TA","N","SBrkr",31.8276609256791,513,0,0,1,0,2,1,"Othr",6,"Typ",0,"None","None",1970,0,"N",0,0,156,0,0,0,"MnPrv","None",0,10,2009,"Othr","Abnorml",11.3504065354725
90,"20","RL",60,89.8331787259028,"Pave","None","Reg","Lvl","AllPub","Inside","Gtl","CollgCr","Norm","Norm","1Fam","4","5",1994,1995,"Gable","CompShg","VinylSd","None",0,"TA","TA","PConc","Gd","TA","No","GLQ","Unf",0,20.0499376557634,"GasA","Ex","Y","SBrkr",31.4642654451045,0,1,0,1,0,3,1,"TA",5,"Typ",0,"None","None",1945,0,"Y",0,0,0,0,0,0,"None","None",0,8,2007,"WD","Normal",11.7248058240057
91,"20","RL",60,84.8528137423857,"Pave","None","Reg","Lvl","AllPub","Inside","Gtl","NAmes","Norm","Norm","1Fam","4","5",1950,1950,"Gable","CompShg","Othr","None",0,"TA","TA","Othr","Othr","Othr","Othr","Othr","Othr",0,0,"GasA","TA","Y","FuseA",32.2490309931942,0,0,0,1,0,2,1,"TA",4,"Typ",0,"None","Detchd",1950,20.4939015319192,"Y",0,5.3851648071345,0,0,0,0,"None","None",0,7,2006,"WD","Normal",11.6073261403917
92,"20","RL",85,92.1954445729289,"Pave","None","Reg","Lvl","AllPub","Inside","Gtl","NAmes","Norm","Norm","1Fam","5","Othr",1961,1961,"Hip","CompShg","HdBoard","None",203,"TA","TA","CBlock","TA","TA","No","Rec","Unf",0,25.1992063367083,"GasA","TA","Y","SBrkr",35.1425667816112,0,0,0,1,0,2,1,"TA",6,"Typ",0,"None","Attchd",1961,21.9089023002066,"Y",0,0,0,0,0,0,"Othr","None",0,12,2006,"WD","Abnorml",11.4988265405907
93,"Othr","RL",80,115.585466214399,"Pave","Othr","IRG","Othr","AllPub","Inside","Gtl","Othr","Norm","Norm","1Fam","5","7",1921,2006,"Gable","CompShg","Wd Sdng","None",0,"TA","Gd","BrkTil","Gd","TA","No","ALQ","Unf",0,12.7671453348037,"GasA","Ex","Y","SBrkr",31.04834939252,0,1,0,1,0,2,1,"TA",5,"Typ",0,"None","Detchd",1921,20.7846096908265,"Y",0,0,44,0,0,0,"None","None",0,8,2009,"WD","Normal",12.0045682693194
94,"Othr","Othr",60,84.8528137423857,"Pave","None","Reg","Lvl","AllPub","Corner","Gtl","OldTown","Norm","Norm","Othr","6","6",1910,1998,"Hip","CompShg","MetalSd","None",0,"TA","TA","BrkTil","TA","Othr","Mn","Rec","Unf",0,12.9614813968157,"Othr","Ex","N","SBrkr",35.4964786985977,0,0,1,2,0,4,2,"TA",9,"Typ",1,"Gd","Detchd",1900,22.494443758404,"Y",0,0,0,0,99,0,"None","None",0,11,2007,"WD","Normal",11.8048485316793
95,"60","RL",69,96.6281532473844,"Pave","None","IRG","Lvl","AllPub","Inside","Gtl","CollgCr","Norm","Norm","1Fam","6","5",1997,1997,"Gable","CompShg","VinylSd","None",0,"TA","Gd","PConc","Gd","TA","No","GLQ","Unf",0,13.2664991614216,"GasA","Ex","Y","SBrkr",30.0832179129826,0,1,0,2,1,3,1,"Gd",7,"Typ",0,"None","Attchd",1997,26.153393661244,"Y",0,12.7279220613579,0,0,0,0,"None","None",0,5,2007,"WD","Normal",12.2295450017153
96,"60","RL",69.4748067561324,98.8180145520036,"Pave","None","IRG","Lvl","AllPub","Corner","Gtl","Gilbert","Norm","Norm","1Fam","6","Othr",1993,1993,"Gable","CompShg","VinylSd","BrkFace",68,"Othr","Gd","PConc","Gd","Othr","No","ALQ","Unf",0,19.2353840616713,"GasA","Gd","Y","SBrkr",26.0768096208106,0,0,0,2,1,3,1,"TA",6,"Typ",1,"TA","BuiltIn",1993,20.4939015319192,"Y",15.2315462117278,7.93725393319377,0,0,0,0,"None","Othr",480,4,2009,"WD","Normal",12.1281111040605
97,"20","RL",78,101.311401135312,"Pave","None","IRG","Lvl","AllPub","Inside","Gtl","CollgCr","Norm","Norm","1Fam","7","5",1999,1999,"Gable","CompShg","VinylSd","BrkFace",183,"Gd","TA","PConc","Gd","TA","Av","ALQ","Unf",0,20.6397674405503,"GasA","Ex","Y","SBrkr",39.8497176903426,0,0,0,2,0,3,1,"Gd",6,"Typ",0,"None","Attchd",1999,21.7255609824004,"Y",12.5698050899765,5.3851648071345,0,0,0,0,"None","None",0,8,2006,"WD","Normal",12.273731294004
98,"20","RL",73,104.503588455134,"Pave","None","Reg","Othr","AllPub","Inside","Gtl","Edwards","Norm","Norm","1Fam","4","5",1965,1965,"Hip","CompShg","HdBoard","BrkFace",48,"TA","TA","CBlock","TA","TA","No","Rec","Unf",0,20.976176963403,"GasA","TA","Y","Othr",30.9838667696593,0,1,0,1,0,3,1,"TA",6,"Typ",0,"None","Attchd",1965,20.7846096908265,"Othr",10.9544511501033,0,0,0,0,0,"None","None",0,5,2007,"WD","Normal",11.4589971229447
99,"Othr","RL",85,103.077640640442,"Pave","None","Reg","Lvl","AllPub","Corner","Gtl","Edwards","Norm","Norm","1Fam","5","5",1920,1950,"Gable","CompShg","Wd Sdng","None",0,"TA","TA","BrkTil","TA","TA","No","ALQ","Unf",0,18.7082869338697,"GasA","Othr","N","SBrkr",28.8963665535998,0,0,0,1,0,2,1,"TA",5,"Typ",0,"None","Othr",1920,19.131126469709,"Y",0,0,77,0,0,0,"None","Othr",400,5,2010,"Othr","Abnorml",11.3265958867787
100,"20","RL",77,96.5401470891774,"Pave","None","IRG","Lvl","AllPub","Inside","Gtl","NAmes","Norm","Norm","1Fam","4","5",1959,1959,"Gable","CompShg","Plywood","None",0,"TA","TA","CBlock","TA","TA","No","ALQ","Unf",0,19.5192212959431,"GasA","Othr","Y","SBrkr",35,0,1,0,1,1,3,1,"TA",6,"Typ",0,"None","None",1933,0,"Y",18.7616630392937,0,0,0,0,0,"None","Othr",400,1,2010,"WD","Normal",11.7671800113095
101,"20","RL",71.6808324193334,102.970869667105,"Pave","None","IRG","Lvl","AllPub","Inside","Gtl","Othr","Norm","Norm","1Fam","6","7",1977,2001,"Gable","CompShg","Plywood","BrkFace",28,"TA","TA","PConc","TA","TA","Mn","ALQ","Unf",0,20.2484567313166,"GasA","Gd","Y","SBrkr",40.1248052954778,0,1,0,2,0,3,1,"Gd",6,"Typ",2,"TA","Attchd",1977,21.9089023002066,"Y",12.9614813968157,8.24621125123532,0,0,0,0,"None","None",0,2,2010,"WD","Normal",12.2307652581205
102,"60","RL",77,95.9479025304879,"Pave","None","Reg","Lvl","AllPub","Inside","Gtl","Othr","Norm","Norm","1Fam","6","5",1985,1985,"Gable","CompShg","HdBoard","BrkFace",336,"Gd","TA","CBlock","Gd","TA","No","Unf","Unf",0,27.2213151776324,"GasA","TA","Y","SBrkr",31.2569992161756,0,0,0,2,1,3,1,"Gd",7,"Typ",1,"TA","Attchd",1985,21.8174242292714,"Y",13.856406460551,6.78232998312527,0,0,0,0,"None","None",0,6,2010,"WD","Normal",12.0895388292742
103,"Othr","RL",64,83.773504164503,"Pave","None","Reg","Othr","AllPub","Inside","Gtl","Othr","Norm","Norm","Othr","5","5",1979,1979,"Gable","CompShg","HdBoard","None",0,"TA","Othr","Othr","Othr","Othr","Othr","Othr","Othr",0,0,"GasA","TA","Y","SBrkr",39.1790760483195,0,0,0,2,0,4,2,"TA",8,"Typ",0,"None","Attchd",1979,20.2484567313166,"Y",0,0,0,0,0,0,"None","None",0,6,2009,"WD","Othr",11.6865762053166
104,"20","RL",94,101.990195607225,"Pave","None","IRG","Lvl","AllPub","Corner","Gtl","CollgCr","Norm","Norm","1Fam","7","5",2009,2009,"Gable","CompShg","VinylSd","None",0,"TA","TA","PConc","Gd","TA","No","Unf","Unf",0,35.0142828000232,"GasA","Ex","Y","SBrkr",35.0142828000232,0,0,0,2,0,3,1,"Gd",6,"Typ",0,"None","Attchd",2009,27.2029410174709,"Y",0,6,0,0,0,0,"None","None",0,5,2010,"WD","Normal",12.2005574648421
105,"50","RM",64.1914016176546,88.0795095354192,"Pave","None","Reg","Lvl","AllPub","Corner","Gtl","Othr","Norm","Norm","1Fam","7","Othr",1931,1950,"Gable","CompShg","Othr","BrkFace",600,"TA","Othr","PConc","TA","TA","No","LwQ","Unf",0,28.5657137141714,"GasA","Ex","Y","Othr",35.0142828000232,0,0,0,1,1,4,1,"TA",7,"Typ",2,"TA","Detchd",1951,15.4919333848297,"Y",0,0,0,0,184,0,"None","None",0,6,2007,"WD","Normal",12.0406082058026
106,"60","Othr",75,96.8245836551854,"Pave","None","Reg","Lvl","AllPub","Inside","Gtl","Somerst","Norm","Norm","1Fam","8","5",2003,2004,"Hip","CompShg","VinylSd","BrkFace",768,"Gd","TA","PConc","Ex","TA","No","Unf","Unf",0,32.4499614791759,"GasA","Ex","Y","SBrkr",32.4499614791759,0,0,0,2,1,3,1,"Gd",9,"Typ",1,"Gd","Attchd",2003,25.4558441227157,"Y",11.8321595661992,6.70820393249937,0,0,0,0,"None","None",0,8,2008,"WD","Normal",12.4292161968444
107,"Othr","RM",60,103.923048454133,"Pave","Othr","Reg","Lvl","AllPub","Inside","Gtl","OldTown","Norm","Norm","1Fam","4","7",1885,1995,"Othr","CompShg","VinylSd","None",0,"TA","TA","BrkTil","Othr","TA","No","Unf","Unf",0,25.3179778023443,"GasA","Gd","Y","SBrkr",32.3573793747269,0,0,0,1,0,2,1,"TA",6,"Typ",0,"None","Detchd",1954,16.5227116418583,"N",0,0,0,0,0,0,"None","Othr",450,8,2007,"WD","Normal",11.5129254649702
108,"20","RM",50,77.4596669241483,"Pave","None","Reg","Lvl","AllPub","Inside","Gtl","OldTown","Norm","Norm","1Fam","5","5",1948,1950,"Gable","CompShg","VinylSd","None",0,"TA","TA","CBlock","TA","TA","No","ALQ","Othr",13,22.7156333832011,"GasA","Ex","Y","SBrkr",28.0891438103763,0,0,0,1,0,2,1,"TA",5,"Typ",0,"None","Detchd",1948,15.8113883008419,"Y",0,0,0,0,0,0,"None","None",0,4,2008,"WD","Partial",11.6526874073454
109,"50","RM",85,92.1954445729289,"Pave","None","Reg","Lvl","AllPub","Corner","Gtl","Othr","Othr","Norm","1Fam","5","7",1919,2005,"Gable","CompShg","Othr","None",0,"TA","TA","CBlock","TA","TA","No","Unf","Unf",0,28.1602556806574,"Othr","TA","N","Othr",31.5753068076939,0,0,0,2,0,3,1,"Othr",7,"Typ",0,"None","None",1971,0,"N",0,0,144,0,0,0,"None","None",0,8,2007,"WD","Normal",11.6526874073454
110,"20","RL",105,108.402029501297,"Pave","None","IRG","Lvl","AllPub","Inside","Gtl","Othr","Norm","Norm","1Fam","6","6",1977,1977,"Hip","CompShg","Plywood","BrkFace",480,"TA","TA","CBlock","Gd","TA","No","BLQ","Unf",0,33.7490740613724,"GasA","Ex","Y","SBrkr",42.9418211071678,0,0,0,2,0,3,1,"TA",7,"Typ",1,"TA","Attchd",1977,23.3666428910958,"Y",0,11.0453610171873,0,0,0,0,"MnPrv","None",0,1,2010,"Othr","Normal",12.1547793511426
111,"50","RL",75,97.5961064797157,"Pave","None","Reg","Lvl","AllPub","Inside","Gtl","Edwards","Norm","Norm","1Fam","6","Othr",1954,1972,"Gable","CompShg","Wd Sdng","None",0,"TA","TA","CBlock","TA","Othr","No","Rec","Unf",0,23.4520787991171,"GasA","Gd","Y","SBrkr",34.8711915483254,0,0,0,2,0,4,1,"TA",7,"Typ",0,"None","Attchd",1954,18.0277563773199,"Y",13.490737563232,0,0,0,0,0,"None","None",0,10,2006,"WD","Normal",11.8270060112765
112,"Othr","RL",64.1703417067887,88.034084308295,"Pave","None","IRG","Lvl","AllPub","Inside","Gtl","Gilbert","Norm","Norm","1Fam","7","5",2000,2000,"Gable","CompShg","VinylSd","None",0,"TA","TA","PConc","Gd","TA","No","GLQ","Unf",0,11.5758369027902,"GasA","Ex","Y","SBrkr",27.8208554864871,0,0,0,2,1,3,1,"TA",7,"Typ",1,"TA","BuiltIn",2000,20,"Y",13.4164078649987,0,0,0,0,0,"None","None",0,4,2010,"WD","Normal",12.1007121298723
113,"60","RL",77,99.8248466064436,"Pave","None","Reg","Lvl","AllPub","Inside","Gtl","CollgCr","Norm","Norm","1Fam","7","5",2007,2007,"Gable","CompShg","VinylSd","Stone",220,"Gd","TA","PConc","Ex","TA","Av","GLQ","Unf",0,16.7332005306815,"GasA","Ex","Y","SBrkr",35.8050275799363,0,1,0,2,1,4,1,"Ex",10,"Typ",1,"Gd","BuiltIn",2007,28.1424945589406,"Y",10.9544511501033,13.5646599662505,0,0,168,0,"None","None",0,10,2007,"New","Partial",12.8583197035179
114,"20","RL",99.0508190784038,144.913767461894,"Pave","None","Reg","Othr","AllPub","Corner","Gtl","Othr","Norm","Norm","1Fam","6","5",1953,1953,"Hip","CompShg","Wd Sdng","BrkFace",184,"TA","Gd","CBlock","Gd","TA","Mn","ALQ","Othr",29.4788059459674,30.0832179129826,"GasA","TA","Y","SBrkr",47.5289385532646,0,1,0,2,0,3,1,"Gd",7,"Typ",2,"Gd","Othr",1953,21.2132034355964,"Y",12.8840987267251,10.9544511501033,192,0,0,0,"MnPrv","None",0,10,2007,"Othr","Abnorml",12.2876526325226
115,"Othr","RL",61,85.1997652578926,"Pave","None","IRG","Lvl","AllPub","Inside","Othr","Othr","Norm","Norm","1Fam","6","Othr",1945,2002,"Othr","CompShg","Wd Sdng","None",0,"TA","TA","CBlock","TA","TA","No","ALQ","Othr",12.2474487139159,10.1980390271856,"GasA","Ex","Y","SBrkr",37.8945906429928,0,1,0,2,1,3,1,"Gd",9,"Typ",1,"TA","Detchd",1945,13.4164078649987,"Y",14.9666295470958,0,0,0,0,0,"MnPrv","None",0,7,2007,"WD","Normal",12.4665119815881
116,"Othr","Othr",34,56.8330889535313,"Pave","Othr","Reg","Lvl","AllPub","Corner","Gtl","Somerst","Norm","Norm","TwnhsE","6","5",1999,1999,"Gable","CompShg","MetalSd","BrkFace",1129,"TA","TA","PConc","Gd","TA","No","GLQ","Unf",0,17.606816861659,"GasA","Gd","Y","SBrkr",27,0,0,0,2,1,2,1,"TA",5,"Typ",1,"Othr","Detchd",1999,20.976176963403,"Y",0,5.65685424949238,0,0,0,0,"None","None",0,6,2007,"WD","Normal",12.0782392740203
117,"20","RL",74.3475436327256,107.77754868246,"Pave","None","Reg","Lvl","AllPub","Inside","Gtl","Sawyer","Norm","Norm","1Fam","5","5",1962,1962,"Gable","CompShg","Wd Sdng","BrkFace",116,"TA","TA","CBlock","TA","TA","No","LwQ","Othr",25.8843582110896,15.8745078663875,"GasA","TA","Y","SBrkr",33.0454232837166,0,0,1,1,0,3,1,"TA",6,"Typ",1,"Othr","Attchd",1962,16.9705627484771,"Y",0,4.47213595499958,144,0,0,0,"None","None",0,9,2009,"WD","Normal",11.8422292121128
118,"20","RL",74,92.3904756996088,"Pave","None","Reg","Lvl","AllPub","Corner","Gtl","Edwards","Norm","Norm","1Fam","5","5",2006,2007,"Gable","CompShg","VinylSd","None",0,"TA","TA","PConc","Gd","TA","No","Unf","Unf",0,33.5410196624968,"GasA","Gd","Y","SBrkr",33.5410196624968,0,0,0,1,1,2,1,"TA",5,"Typ",0,"None","Attchd",2007,20.7364413533277,"Y",8.94427190999916,8,0,0,0,0,"None","None",0,4,2007,"New","Partial",11.9511803959014
119,"60","RL",90,111.247471881387,"Pave","None","Reg","Lvl","AllPub","Corner","Gtl","Othr","Norm","Norm","1Fam","7","5",1990,1990,"Hip","CompShg","Plywood","None",0,"TA","TA","PConc","Gd","TA","Mn","GLQ","Unf",0,14.247806848775,"GasA","Gd","Y","SBrkr",41.2189276910499,0,1,0,3,0,5,1,"Gd",11,"Typ",2,"TA","Attchd",1990,24.3721152139079,"Y",19.157244060668,0,0,0,0,0,"None","None",0,5,2010,"WD","Normal",12.6760762747759
120,"60","RL",65,91.98369420718,"Pave","None","Reg","Lvl","AllPub","Inside","Gtl","CollgCr","Norm","Norm","1Fam","6","5",2005,2006,"Gable","CompShg","VinylSd","None",0,"Gd","TA","PConc","Gd","TA","No","Unf","Unf",0,26.9814751264641,"GasA","Ex","Y","SBrkr",26.9814751264641,0,0,0,2,1,3,1,"Gd",8,"Typ",1,"Gd","Attchd",2005,19.7484176581315,"Y",0,4.89897948556636,0,0,0,0,"None","None",0,7,2006,"New","Partial",12.0075607293375
121,"Othr","RL",100.243336531184,146.468426631817,"Pave","None","IRG","Othr","AllPub","CulDSac","Othr","Othr","Norm","Norm","1Fam","6","5",1969,1969,"Othr","Othr","Plywood","None",0,"TA","TA","CBlock","TA","TA","Gd","ALQ","Unf",0,0,"GasA","Ex","Y","SBrkr",31.4324672910034,0,1,0,1,0,1,1,"TA",4,"Typ",2,"TA","Attchd",1969,23.2379000772445,"Y",0,11.4017542509914,0,130,0,0,"None","None",0,10,2006,"WD","Normal",12.1007121298723
122,"50","RM",50,77.8460018241143,"Pave","None","Reg","Lvl","AllPub","Inside","Gtl","Othr","Norm","Norm","1Fam","4","5",1939,1950,"Gable","CompShg","Othr","None",0,"TA","TA","PConc","TA","TA","No","Unf","Unf",0,27.0554985169374,"GasA","Gd","Y","SBrkr",27.7848879788996,0,0,0,1,0,3,1,"TA",4,"Typ",0,"None","Detchd",1979,16.2480768092719,"Othr",0,0,140,0,0,0,"MnPrv","None",0,6,2007,"WD","Normal",11.5129254649702
123,"20","RL",75,97.2830920561225,"Pave","None","Reg","Lvl","AllPub","Corner","Gtl","NAmes","Norm","Norm","1Fam","6","7",1958,1958,"Hip","CompShg","MetalSd","BrkFace",135,"TA","Gd","CBlock","TA","TA","No","BLQ","Unf",0,22.5831795812724,"GasA","Gd","Y","SBrkr",32.86335345031,0,0,0,1,0,3,1,"TA",5,"Typ",0,"None","Attchd",1958,16.9705627484771,"Y",0,0,0,0,130,0,"None","None",0,6,2008,"WD","Normal",11.8204101647182
124,"120","RL",55,88.8369292580512,"Pave","None","Reg","Lvl","AllPub","Inside","Gtl","Othr","Norm","Norm","TwnhsE","6","5",1993,1993,"Gable","CompShg","Plywood","None",0,"Gd","TA","PConc","Gd","TA","No","GLQ","Unf",0,29.9833287011299,"GasA","Ex","Y","SBrkr",34.6265793863616,0,0,0,2,0,2,1,"Gd",5,"Typ",0,"None","Attchd",1993,23.0217288664427,"Y",0,7.93725393319377,0,0,0,0,"None","None",0,3,2008,"WD","Normal",11.944058319827
125,"20","RL",48,130.54884143492,"Pave","None","IRG","Lvl","AllPub","CulDSac","Gtl","Othr","Norm","Norm","1Fam","6","5",1979,1998,"Gable","CompShg","HdBoard","None",0,"TA","Gd","CBlock","Gd","Othr","No","Unf","Unf",0,36.9052841744919,"GasA","TA","Y","SBrkr",39.8246155034798,0,0,0,2,0,3,1,"TA",7,"Typ",1,"TA","Attchd",1979,20.8566536146142,"Y",13.856406460551,0,0,0,0,0,"None","None",0,1,2009,"WD","Normal",12.106252310248
126,"Othr","RM",60,82.3407554009556,"Pave","None","Reg","Lvl","AllPub","Inside","Gtl","Othr","Norm","Norm","Othr","6","Othr",1935,1982,"Gable","CompShg","Wd Sdng","None",0,"TA","Othr","CBlock","TA","TA","Av","GLQ","Unf",0,5.47722557505166,"GasA","Gd","N","SBrkr",22.8035085019828,234,1,0,1,0,2,1,"TA",5,"Typ",0,"None","None",1918,0,"N",7.28010988928052,0,0,0,0,0,"None","None",0,6,2006,"WD","Normal",11.3445068133453
127,"120","RL",56.7414581488492,70.199715099137,"Pave","None","IRG","Lvl","AllPub","Inside","Gtl","Othr","Norm","Norm","TwnhsE","6","5",1976,1976,"Gable","CompShg","Plywood","None",0,"TA","TA","CBlock","Gd","TA","No","ALQ","Unf",0,30.9515750810843,"GasA","TA","Y","SBrkr",30.9515750810843,0,0,0,2,0,2,1,"TA",5,"Typ",1,"TA","Attchd",1977,20.976176963403,"Y",0,14.3178210632764,0,0,0,0,"None","None",0,2,2007,"WD","Normal",11.7597855429018
128,"Othr","RM",55,66.2419806467168,"Pave","None","IRG","Othr","AllPub","Inside","Gtl","OldTown","Feedr","Norm","1Fam","5","7",1930,1950,"Gable","CompShg","Othr","None",0,"TA","Gd","BrkTil","TA","TA","No","LwQ","Unf",0,23.5796522451032,"GasA","Ex","Y","SBrkr",28.9827534923789,0,0,0,1,0,3,1,"TA",5,"Typ",1,"TA","None",1948,0,"N",0,0,0,0,0,0,"None","None",0,6,2007,"WD","Normal",11.3736633976367
129,"60","RL",69,87.120606058498,"Pave","None","Reg","Lvl","AllPub","Inside","Gtl","NAmes","Othr","Norm","1Fam","6","5",1966,1966,"Gable","CompShg","VinylSd","BrkFace",266,"TA","TA","CBlock","TA","TA","No","BLQ","Unf",0,12.1655250605964,"GasA","TA","Y","SBrkr",25.6904651573303,0,0,0,1,1,3,1,"TA",6,"Typ",1,"Othr","Attchd",1966,21.2837966537928,"Y",13.7113092008021,10.3923048454133,0,0,0,0,"None","None",0,7,2006,"WD","Normal",11.9511803959014
130,"20","RL",69,94.7259204230817,"Pave","None","Reg","Lvl","AllPub","Inside","Gtl","NAmes","Norm","Norm","1Fam","5","7",1958,1991,"Gable","CompShg","Plywood","BrkFace",85,"TA","TA","CBlock","TA","TA","No","Rec","Othr",5.29150262212918,20.3224014329016,"GasA","TA","Y","FuseA",32.4499614791759,0,0,1,1,1,3,1,"Ex",6,"Typ",0,"None","Othr",1998,27.3861278752583,"Y",0,8.94427190999916,0,180,0,0,"Othr","None",0,7,2006,"WD","Abnorml",11.9183905730784
131,"60","RL",88,119.16375287813,"Pave","None","Reg","Lvl","AllPub","Corner","Gtl","NAmes","Norm","Norm","1Fam","7","6",1966,1966,"Gable","CompShg","MetalSd","BrkFace",309,"TA","TA","CBlock","TA","TA","No","Rec","Unf",0,21.8860686282393,"GasA","Ex","Y","SBrkr",34.8711915483254,0,0,0,2,1,4,1,"Gd",8,"Typ",2,"Gd","Attchd",1966,22.0680764907139,"Y",10.2469507659596,8.12403840463596,0,0,0,0,"Othr","None",0,5,2006,"WD","Normal",12.3282902782544
132,"60","RL",75.9480968585326,110.562199688682,"Pave","None","IRG","Lvl","AllPub","Corner","Gtl","Gilbert","Norm","Norm","1Fam","6","5",2000,2000,"Gable","CompShg","VinylSd","BrkFace",40,"Gd","TA","PConc","Gd","TA","No","GLQ","Unf",0,17.2336879396141,"GasA","Ex","Y","SBrkr",31.9687347262916,0,1,0,2,1,3,1,"Gd",7,"Typ",1,"TA","BuiltIn",2000,19.7484176581315,"Y",4.89897948556636,6.92820323027551,0,0,0,0,"None","None",0,7,2009,"WD","Normal",12.4049235042753
133,"20","RL",75,85.9534757877772,"Pave","None","Reg","Lvl","AllPub","Corner","Gtl","NAmes","Norm","Norm","1Fam","5","6",1959,2002,"Gable","CompShg","MetalSd","None",0,"TA","TA","CBlock","TA","TA","No","Rec","Unf",0,25.6515106767613,"GasA","Gd","Y","SBrkr",36.428011200174,0,1,0,1,0,3,1,"Gd",7,"Typ",0,"None","Detchd",1974,24.9799919935936,"Y",0,0,0,0,0,0,"None","None",0,7,2007,"WD","Normal",11.9233781145894
134,"20","RL",61.8089992009518,82.7828484651259,"Pave","None","IRG","Lvl","AllPub","Inside","Gtl","Othr","Norm","Norm","1Fam","8","5",2001,2002,"Gable","CompShg","VinylSd","BrkFace",136,"Gd","TA","PConc","Ex","TA","No","GLQ","Unf",0,16.1864140562386,"GasA","Ex","Y","SBrkr",36,0,1,0,2,0,2,1,"Gd",6,"Typ",0,"None","Attchd",2001,21.7025344142107,"Y",13.856406460551,5,0,0,0,0,"None","None",0,6,2009,"WD","Normal",12.3013828253345
135,"20","RL",78,101.661202038929,"Pave","None","IRG","Lvl","AllPub","Inside","Gtl","Sawyer","Norm","Norm","1Fam","5","6",1968,1993,"Gable","CompShg","Plywood","None",0,"TA","TA","CBlock","TA","TA","No","Rec","Unf",0,29.8496231131986,"GasA","Gd","Y","SBrkr",41.4849370253831,0,0,0,2,1,3,1,"TA",7,"Othr",1,"TA","Attchd",1968,20.976176963403,"Y",0,9.79795897113271,180,0,0,0,"MnPrv","None",0,7,2006,"WD","Normal",12.1007121298723
136,"20","RL",80,101.980390271856,"Pave","None","Reg","Lvl","AllPub","Inside","Gtl","Othr","Norm","Norm","1Fam","7","6",1970,1970,"Hip","CompShg","Plywood","BrkFace",288,"TA","TA","PConc","TA","TA","No","Unf","Unf",0,36.1109401705356,"GasA","Gd","Y","SBrkr",41.0121933088198,0,0,0,2,0,3,1,"TA",7,"Typ",1,"Gd","Attchd",1970,23.0217288664427,"Y",9.89949493661167,0,0,0,0,0,"MnPrv","None",0,5,2008,"WD","Normal",12.0668105781967
137,"20","RL",71.0279751824911,101.759520439122,"Pave","None","IRG","Lvl","AllPub","Corner","Gtl","NAmes","Norm","Norm","1Fam","5","5",1967,1967,"Gable","CompShg","MetalSd","BrkFace",196,"TA","TA","CBlock","TA","TA","No","BLQ","Unf",0,22.781571499789,"GasA","TA","Y","SBrkr",34.8425027803687,0,0,0,2,0,3,1,"TA",5,"Typ",1,"Othr","Attchd",1967,17.832554500127,"Y",0,10.5356537528527,0,0,0,0,"None","None",0,7,2007,"WD","Normal",11.870599909242
138,"Othr","RL",82,105.214067500501,"Pave","None","Reg","Lvl","AllPub","Inside","Gtl","Othr","Norm","Norm","Othr","7","5",1988,1989,"Gable","CompShg","VinylSd","BrkFace",70,"TA","TA","CBlock","TA","TA","No","Unf","Unf",0,43.6692111217961,"GasA","Gd","Y","SBrkr",44.2605919526615,0,0,0,3,0,5,2,"TA",9,"Typ",0,"None","Othr",1989,27.6767050061961,"Y",0,0,0,0,0,0,"None","None",0,7,2006,"WD","Othr",12.0494188354848
139,"60","RL",73,95.2155449493411,"Pave","None","IRG","Lvl","AllPub","Inside","Gtl","CollgCr","Norm","Norm","1Fam","8","5",1999,2000,"Gable","CompShg","VinylSd","BrkFace",320,"Gd","TA","PConc","Gd","TA","Mn","GLQ","Unf",0,18.3303027798234,"GasA","Ex","Y","SBrkr",31.6859590355097,0,0,0,2,1,3,1,"Gd",7,"Typ",2,"TA","Attchd",1999,25.6904651573303,"Y",14.9666295470958,10.295630140987,0,0,0,0,"Othr","None",0,12,2008,"WD","Normal",12.3458345879053
140,"60","RL",65,124.201449266907,"Pave","None","IRG","Lvl","AllPub","Inside","Gtl","CollgCr","Norm","Norm","1Fam","6","5",1997,1997,"Gable","CompShg","VinylSd","None",0,"TA","TA","PConc","Gd","TA","No","GLQ","Unf",0,10.3440804327886,"GasA","Ex","Y","SBrkr",30.4630924234556,0,1,0,2,1,3,1,"Gd",7,"Typ",0,"None","Attchd",1997,21.6794833886788,"Y",16.6132477258361,9.9498743710662,0,0,0,0,"MnPrv","None",0,8,2009,"WD","Normal",12.3523351525084
141,"20","RL",70,102.469507659596,"Pave","None","Reg","Lvl","AllPub","Othr","Gtl","NAmes","Norm","Norm","1Fam","4","5",1971,1971,"Gable","CompShg","HdBoard","None",0,"TA","TA","CBlock","TA","TA","No","ALQ","Unf",0,20.7846096908265,"GasA","TA","Y","SBrkr",29.3938769133981,0,0,0,1,0,3,1,"TA",5,"Typ",1,"Othr","None",1990,0,"Y",0,0,0,0,0,0,"None","None",0,4,2010,"Othr","Normal",11.6526874073454
142,"20","RL",78,107.912001186152,"Pave","None","Reg","Lvl","AllPub","Inside","Gtl","CollgCr","Norm","Norm","1Fam","7","5",2005,2005,"Gable","CompShg","VinylSd","None",0,"Gd","TA","PConc","Gd","TA","Av","GLQ","Unf",0,20.8326666559997,"GasA","Ex","Y","SBrkr",41.641325627314,0,1,0,2,0,3,1,"Gd",7,"Typ",0,"None","Attchd",2005,25.6904651573303,"Y",12.6491106406735,4.89897948556636,0,0,0,0,"None","None",0,1,2006,"WD","Normal",12.4684369099977
143,"50","RL",71,92.3038460737146,"Pave","None","Reg","Lvl","AllPub","Corner","Gtl","NAmes","Othr","Norm","1Fam","5","Othr",1952,1952,"Gable","CompShg","Othr","None",0,"TA","Othr","CBlock","TA","TA","No","Rec","Unf",0,20.0748598998847,"GasA","Othr","Y","SBrkr",30.1662062579967,0,0,0,2,0,4,1,"TA",6,"Typ",0,"None","Detchd",2000,26.8328157299975,"Y",0,0,0,0,0,0,"MnPrv","None",0,6,2010,"WD","Normal",12.0197430673387
144,"20","RL",78,101.661202038929,"Pave","None","IRG","Lvl","AllPub","Inside","Gtl","CollgCr","Norm","Norm","1Fam","7","5",1999,1999,"Gable","CompShg","VinylSd","BrkFace",183,"Gd","TA","PConc","Gd","TA","Gd","GLQ","Unf",0,28.4780617317963,"GasA","Ex","Y","SBrkr",38.742741255621,0,1,0,2,0,3,1,"Gd",6,"Typ",0,"None","Attchd",1999,24.0208242989286,"Y",12,5.3851648071345,0,0,0,0,"None","None",0,6,2009,"WD","Normal",12.2258752728264
145,"Othr","RM",70,95.3939201416946,"Pave","None","Reg","Lvl","AllPub","Inside","Gtl","Sawyer","Othr","Norm","Othr","5","5",1963,1963,"Gable","CompShg","HdBoard","BrkFace",336,"TA","TA","CBlock","TA","TA","No","Rec","Unf",0,19.8997487421324,"GasA","TA","Y","SBrkr",41.5692193816531,0,1,0,2,0,6,2,"TA",10,"Typ",0,"None","Detchd",1963,22.4499443206436,"Y",0,0,0,0,0,0,"None","None",0,11,2006,"Othr","Abnorml",11.7360690162844
146,"Othr","RM",24,50.2195181179589,"Pave","None","Reg","Lvl","AllPub","Inside","Gtl","Edwards","Norm","Norm","Othr","6","5",2004,2006,"Gable","CompShg","VinylSd","Stone",50,"Gd","TA","PConc","Gd","TA","No","Unf","Unf",0,31.1448230047949,"GasA","Ex","Y","SBrkr",31.1448230047949,0,0,0,2,0,3,1,"Gd",7,"Othr",0,"None","Detchd",2004,19.4935886896179,"Y",0,6.32455532033676,0,0,0,0,"None","None",0,4,2006,"WD","Normal",11.7752897294377
147,"Othr","RM",51,78.2304288624318,"Pave","None","Reg","Lvl","AllPub","Corner","Gtl","Othr","Norm","Norm","1Fam","5","7",1931,1993,"Gable","CompShg","Wd Sdng","None",0,"TA","TA","BrkTil","TA","TA","No","BLQ","Unf",0,22.494443758404,"GasA","TA","Y","FuseA",29.5803989154981,0,1,0,1,0,2,1,"TA",5,"Typ",0,"None","Detchd",1931,13.4164078649987,"Y",6.92820323027551,0,0,0,0,0,"None","None",0,11,2009,"WD","Normal",11.5617156291397
148,"60","RL",68.7903596529913,97.4935895328508,"Pave","None","IRG","Lvl","AllPub","CulDSac","Gtl","Gilbert","Norm","Norm","1Fam","7","5",2001,2001,"Gable","CompShg","VinylSd","BrkFace",180,"Gd","TA","PConc","Gd","TA","No","Unf","Unf",0,29.732137494637,"GasA","Ex","Y","SBrkr",29.732137494637,0,0,0,2,1,3,1,"Gd",8,"Typ",1,"Gd","BuiltIn",2001,20.8326666559997,"Y",12,6.92820323027551,0,0,0,0,"None","None",0,5,2010,"WD","Normal",12.3126823805884
149,"20","RL",63,86.6025403784439,"Pave","None","Reg","Lvl","AllPub","Inside","Gtl","Othr","Norm","Norm","1Fam","7","5",2004,2005,"Gable","CompShg","VinylSd","BrkFace",120,"TA","TA","PConc","Gd","TA","No","GLQ","Unf",0,20,"GasA","Ex","Y","SBrkr",32.86335345031,0,1,0,1,0,3,1,"Gd",6,"Typ",0,"None","None",1998,0,"Y",0,0,0,0,0,0,"None","None",0,4,2008,"WD","Normal",11.8565151693603
150,"50","RM",60.1952835308537,78.993670632526,"Pave","None","Reg","Lvl","AllPub","Inside","Gtl","Othr","Norm","Norm","1Fam","5","Othr",1936,1950,"Gable","CompShg","MetalSd","None",0,"TA","TA","BrkTil","Gd","TA","No","Unf","Unf",0,29.9332590941915,"GasA","Gd","Y","FuseA",29.9332590941915,0,0,0,1,0,3,1,"TA",7,"Typ",0,"None","Detchd",1936,15.4919333848297,"Y",14.142135623731,10.6770782520313,0,0,0,0,"None","None",0,4,2006,"WD","Normal",11.6526874073454
151,"20","RL",120,101.764433865668,"Pave","None","Reg","Lvl","AllPub","Corner","Gtl","CollgCr","Norm","Norm","1Fam","5","6",1975,1975,"Gable","CompShg","HdBoard","None",0,"TA","TA","CBlock","TA","TA","Av","BLQ","Unf",0,15.9059737205869,"GasA","TA","Y","SBrkr",31.1287648325468,0,0,0,1,1,3,1,"TA",5,"Typ",0,"None","Attchd",1975,20.976176963403,"Y",0,0,0,0,0,0,"MnPrv","None",0,1,2007,"WD","Normal",11.7117763237154
152,"20","RL",107,117.860086543325,"Pave","None","Reg","Lvl","AllPub","Inside","Gtl","NridgHt","Norm","Norm","1Fam","8","5",2007,2008,"Hip","CompShg","VinylSd","Stone",436,"Gd","TA","PConc","Ex","TA","Gd","GLQ","Unf",0,17.606816861659,"GasA","Ex","Y","SBrkr",41.3521462562707,0,1,0,2,0,2,1,"Gd",6,"Typ",1,"Gd","Attchd",2007,29.4278779391243,"Y",0,10.0995049383621,0,0,0,0,"None","None",0,1,2008,"New","Partial",12.8277291949399
153,"60","RL",82.7372856239209,121.667579905248,"Pave","None","IRG","Lvl","AllPub","CulDSac","Gtl","Othr","Norm","Norm","1Fam","6","5",1971,1971,"Gable","CompShg","HdBoard","BrkFace",252,"TA","TA","CBlock","TA","TA","No","Rec","Unf",0,20.2237484161567,"GasA","Gd","Y","SBrkr",33.1209903233584,0,0,0,2,1,4,1,"TA",8,"Typ",1,"Gd","Attchd",1971,22.248595461287,"Y",0,8.12403840463596,0,0,0,0,"Othr","None",0,6,2006,"WD","Normal",12.1547793511426
154,"20","RL",79.3071526416405,116.189500386223,"Pave","None","Reg","Lvl","AllPub","Inside","Gtl","Othr","Norm","Norm","1Fam","6","7",1960,1975,"Othr","CompShg","Othr","None",0,"TA","TA","CBlock","Gd","TA","Gd","BLQ","Othr",32.86335345031,9.64365076099295,"GasA","Gd","Y","SBrkr",35.3836120259083,0,1,0,1,0,1,1,"TA",4,"Typ",1,"Gd","Attchd",1960,23.7486841740758,"Y",20.2237484161567,0,0,0,0,0,"None","None",0,3,2008,"WD","Normal",12.3673407931263
155,"Othr","RM",84,106.489436095793,"Pave","None","Reg","Lvl","AllPub","Corner","Gtl","OldTown","Norm","Norm","1Fam","6","5",1923,1950,"Gable","CompShg","Wd Sdng","None",0,"TA","TA","BrkTil","TA","TA","No","Unf","Unf",0,34.6410161513775,"GasA","TA","Y","FuseA",34.6410161513775,0,0,0,1,0,4,1,"TA",7,"Typ",0,"None","Detchd",1923,17.6635217326557,"Y",0,0,228,0,0,0,"None","None",0,3,2006,"WD","Othr",11.7360690162844
156,"50","RL",60,97.9795897113271,"Pave","None","Reg","Lvl","AllPub","Corner","Gtl","Edwards","Othr","Norm","1Fam","6","5",1924,1950,"Gable","CompShg","Wd Sdng","None",0,"TA","TA","BrkTil","TA","TA","No","Unf","Unf",0,23.9165214862028,"Othr","Othr","N","Othr",23.9165214862028,0,0,0,1,0,2,1,"TA",5,"Typ",0,"None","None",1920,0,"N",0,2.82842712474619,128,0,0,0,"None","None",0,4,2008,"WD","Normal",11.2772031314492
157,"20","RL",60,84.8528137423857,"Pave","None","Reg","Lvl","AllPub","Inside","Gtl","NAmes","Norm","Norm","1Fam","5","7",1950,1950,"Hip","CompShg","Wd Sdng","None",0,"TA","TA","CBlock","Othr","Othr","Othr","Othr","Othr",0,0,"GasA","TA","Y","Othr",32.2490309931942,0,0,0,1,0,2,1,"TA",5,"Typ",0,"None","Detchd",1950,25,"Y",0,0,0,0,0,0,"None","None",0,6,2006,"WD","Normal",11.6036798282387
158,"60","RL",92,109.558203709261,"Pave","None","Reg","Lvl","AllPub","Corner","Gtl","Othr","Norm","Norm","1Fam","8","5",2009,2010,"Gable","CompShg","VinylSd","BrkFace",84,"Gd","TA","PConc","Ex","TA","No","Unf","Unf",0,27.8208554864871,"GasA","Ex","Y","SBrkr",27.8208554864871,0,0,0,2,1,4,1,"Ex",8,"Typ",1,"Gd","BuiltIn",2009,26.0768096208106,"Y",0,8.66025403784439,0,0,0,0,"None","None",0,5,2010,"New","Partial",12.5043236693312
159,"60","Othr",100,112.035708593287,"Pave","None","Reg","Lvl","AllPub","Corner","Gtl","Somerst","Norm","Norm","1Fam","7","5",2004,2005,"Gable","CompShg","VinylSd","None",0,"Gd","TA","PConc","Gd","TA","No","GLQ","Unf",0,27.7308492477241,"GasA","Ex","Y","SBrkr",31.4801524773944,0,0,0,2,1,3,1,"Gd",8,"Typ",1,"Gd","Attchd",2004,26.0384331325831,"Y",0,11.6619037896906,0,0,0,0,"Othr","None",0,5,2010,"WD","Normal",12.4486265903642
160,"60","RL",134,139.204884971757,"Pave","None","IRG","Othr","AllPub","Corner","Gtl","Gilbert","Norm","Norm","1Fam","7","5",2005,2006,"Gable","CompShg","VinylSd","BrkFace",456,"Gd","TA","PConc","Gd","TA","Mn","GLQ","Unf",0,36.5376518128902,"GasA","Ex","Y","SBrkr",37.3095162123553,0,1,0,2,1,4,1,"Gd",9,"Typ",1,"Gd","Attchd",2006,24,"Y",15.4596248337403,11.4891252930761,0,168,0,0,"None","None",0,3,2006,"New","Partial",12.6760762747759
161,"20","RL",73.041829159041,105.451410611713,"Pave","None","IRG","Lvl","AllPub","CulDSac","Gtl","Othr","Norm","Norm","1Fam","6","6",1984,1984,"Gable","CompShg","Plywood","None",0,"TA","TA","PConc","Gd","TA","No","BLQ","Unf",0,23.9165214862028,"GasA","TA","Y","SBrkr",35.0998575495685,0,0,0,2,0,3,1,"TA",6,"Typ",0,"None","Attchd",1984,22.7156333832011,"Y",0,0,0,0,0,0,"None","None",0,6,2008,"WD","Normal",11.9984332807519
162,"60","RL",110,116.995726417677,"Pave","None","IRG","Lvl","AllPub","Inside","Gtl","NridgHt","Norm","Norm","1Fam","Othr","5",2003,2004,"Gable","CompShg","VinylSd","BrkFace",664,"Gd","TA","PConc","Ex","TA","Av","GLQ","Unf",0,23.5796522451032,"GasA","Ex","Y","SBrkr",39.648455203198,0,1,0,2,1,3,1,"Ex",10,"Typ",2,"Gd","BuiltIn",2003,26.944387170615,"Y",20,0,0,0,0,0,"None","None",0,3,2008,"WD","Normal",12.9299914847569
163,"20","RL",95,110.372097923343,"Pave","None","Reg","Lvl","AllPub","Corner","Gtl","NridgHt","Norm","Norm","1Fam","7","5",2005,2005,"Gable","CompShg","VinylSd","BrkFace",226,"Gd","TA","PConc","Gd","TA","Mn","BLQ","Unf",0,18.4390889145858,"GasA","Ex","Y","SBrkr",39.255572852781,0,0,0,2,0,3,1,"Gd",7,"Typ",1,"Gd","Attchd",2005,23.0651251893416,"Y",0,8.36660026534076,0,0,0,0,"None","None",0,5,2010,"New","Partial",12.3013828253345
164,"Othr","RL",55,74.1619848709566,"Pave","None","Reg","Lvl","AllPub","Inside","Gtl","OldTown","Norm","Norm","1Fam","4","6",1956,1956,"Gable","CompShg","MetalSd","None",0,"TA","TA","CBlock","TA","TA","No","Unf","Unf",0,29.698484809835,"GasA","Ex","Y","SBrkr",29.698484809835,0,0,0,1,0,1,1,"TA",4,"Typ",0,"None","None",1929,0,"Y",0,0,0,0,0,0,"MnPrv","None",0,4,2007,"WD","Normal",11.5444241320296
165,"Othr","RM",40,73.4846922834953,"Pave","Othr","Reg","Lvl","AllPub","Corner","Gtl","OldTown","Norm","Norm","1Fam","6","7",1926,2004,"Gable","CompShg","MetalSd","None",0,"TA","Gd","BrkTil","TA","TA","Mn","LwQ","Unf",0,27.9105714739057,"GasA","Gd","Y","FuseA",33.8969025133566,0,0,0,2,0,3,1,"Gd",5,"Typ",0,"None","Detchd",1926,14.6969384566991,"Y",0,0,183,0,0,0,"None","None",0,10,2007,"WD","Normal",11.9316357998284
166,"Othr","RL",62,100.528602894898,"Pave","None","Reg","Lvl","AllPub","Inside","Gtl","Edwards","Norm","Norm","Othr","5","7",1940,1999,"Gable","CompShg","Wd Sdng","None",0,"TA","Gd","BrkTil","TA","TA","No","ALQ","Othr",13.4536240470737,10.5830052442584,"GasA","Gd","Y","SBrkr",28.4253408071038,0,1,0,2,0,4,2,"TA",6,"Typ",0,"None","None",1949,0,"Y",11.8321595661992,0,0,0,0,0,"None","None",0,9,2008,"WD","Normal",11.7558716435806
167,"20","RL",71.9572437494481,103.479466562212,"Pave","None","IRG","Lvl","AllPub","Inside","Gtl","Othr","Norm","Norm","1Fam","5","5",1955,1993,"Hip","CompShg","Wd Sdng","None",0,"Gd","TA","CBlock","TA","TA","No","LwQ","Othr",27.712812921102,21.6794833886788,"GasA","Ex","Y","FuseA",43.2087954009366,0,1,0,1,0,2,1,"TA",7,"Typ",3,"Gd","Attchd",1955,17.4068951855292,"Y",21.8174242292714,0,0,0,142,0,"Othr","None",0,11,2009,"Othr","Normal",12.1547793511426
168,"60","RL",86,102.771591405407,"Pave","None","Reg","Lvl","AllPub","Inside","Gtl","NridgHt","Norm","Norm","1Fam","8","5",2007,2007,"Gable","CompShg","VinylSd","Stone",300,"Gd","TA","PConc","Ex","TA","No","GLQ","Unf",0,17.1464281994822,"GasA","Ex","Y","SBrkr",40.1248052954778,0,1,0,1,1,3,1,"Ex",8,"Typ",1,"Gd","Attchd",2007,28.0891438103763,"Y",13.3416640641263,10.9544511501033,0,0,0,0,"None","None",0,11,2007,"New","Partial",12.6934986204678
169,"60","RL",62,90.7964757025293,"Pave","None","IRG","Lvl","AllPub","Inside","Gtl","Gilbert","Norm","Norm","1Fam","7","5",2004,2004,"Gable","CompShg","VinylSd","None",0,"Gd","TA","PConc","Gd","TA","No","Unf","Unf",0,28.9827534923789,"GasA","Ex","Y","SBrkr",28.9827534923789,0,0,0,2,1,3,1,"Gd",7,"Typ",1,"Gd","Attchd",2004,20.976176963403,"Y",10,6.92820323027551,0,0,0,0,"None","None",0,5,2007,"WD","Normal",12.1199699464768
170,"20","RL",87.6495098333876,129.10848151845,"Pave","None","IRG","Lvl","AllPub","Corner","Gtl","Othr","Norm","Norm","1Fam","8","6",1981,1981,"Hip","Othr","Plywood","BrkFace",653,"Gd","TA","CBlock","Gd","TA","No","Unf","Unf",0,41.0609303352956,"GasA","TA","Y","SBrkr",41.3158565202272,0,0,0,2,1,2,1,"TA",6,"Typ",1,"TA","Attchd",1981,22.6053091109146,"Y",23.9582971014219,8,0,0,0,0,"None","None",0,1,2006,"WD","Normal",12.3371009079366
171,"50","RM",76.300850365536,111.166541729065,"Pave","None","IRG","Lvl","AllPub","Inside","Gtl","OldTown","Feedr","Norm","1Fam","5","6",1941,1950,"Gable","CompShg","MetalSd","None",0,"TA","TA","CBlock","TA","TA","No","Rec","Unf",0,18.9736659610103,"GasA","TA","Y","SBrkr",29.2232783924049,528,0,0,1,1,2,1,"TA",7,"Typ",0,"None","Detchd",1991,25.6904651573303,"Y",15.3948043183407,0,0,0,0,0,"None","None",0,5,2007,"WD","Normal",11.7636841833174
172,"20","RL",141,178.241409330155,"Pave","None","IRG","Lvl","AllPub","Corner","Gtl","NAmes","Norm","Norm","1Fam","6","5",1960,1960,"Hip","CompShg","Othr","Stone",112,"TA","TA","CBlock","TA","Othr","Gd","BLQ","Unf",0,21,"GasA","Othr","Y","SBrkr",40.6939798987516,0,1,0,1,0,3,1,"TA",7,"Typ",2,"Gd","Attchd",1960,22.9782505861521,"Othr",14.4913767461894,7.87400787401181,0,0,0,0,"None","None",0,5,2010,"WD","Normal",12.2783933071098
173,"Othr","RL",44,72.8422954058972,"Pave","None","IRG","Lvl","AllPub","Inside","Gtl","Othr","Norm","Norm","TwnhsE","7","7",1987,1987,"Gable","CompShg","HdBoard","None",0,"Gd","Gd","PConc","Gd","Othr","No","GLQ","Othr",14.6628782986152,18.8148877222268,"GasA","Gd","Y","SBrkr",32.6190128606002,0,1,0,2,0,2,1,"Gd",5,"Typ",1,"TA","Attchd",1987,22.4499443206436,"Y",21,5.91607978309962,0,0,0,0,"None","None",0,6,2006,"WD","Normal",12.3842188309136
174,"20","RL",80,100.980196078241,"Pave","None","IRG","Lvl","AllPub","Inside","Gtl","NAmes","Norm","Norm","1Fam","6","5",1961,1961,"Gable","CompShg","Othr","None",491,"TA","TA","CBlock","TA","TA","No","ALQ","Othr",19.3390796058137,26.4575131106459,"GasA","TA","Y","SBrkr",36.9052841744919,0,1,0,1,1,3,1,"TA",6,"Typ",1,"TA","Attchd",1961,22.4499443206436,"Y",0,4.47213595499958,0,0,0,0,"None","None",0,6,2008,"Othr","Normal",12.0015054797889
175,"20","RL",47,111.427106217473,"Pave","None","IRG","Lvl","AllPub","Inside","Gtl","Othr","Norm","Norm","1Fam","6","5",1986,1986,"Gable","CompShg","VinylSd","Stone",132,"TA","TA","CBlock","Gd","Othr","No","ALQ","Othr",14.422205101856,0,"GasA","TA","Y","SBrkr",40.6324993078201,0,1,0,2,0,3,1,"TA",7,"Othr",1,"TA","Attchd",1986,24.8193472919817,"Y",13.856406460551,0,0,0,0,0,"None","None",0,11,2008,"WD","Normal",12.1226910365911
176,"20","RL",84,112.316517040015,"Pave","None","Reg","Lvl","AllPub","Corner","Gtl","Edwards","Norm","Norm","1Fam","6","7",1950,2001,"Gable","CompShg","Othr","None",0,"TA","TA","CBlock","TA","Othr","Av","ALQ","Unf",0,26.9258240356725,"GasA","TA","Y","SBrkr",46.4542785973477,0,1,0,2,0,4,1,"Gd",7,"Typ",1,"Gd","Attchd",1950,24,"Y",0,5.3851648071345,39,0,0,0,"MnPrv","None",0,6,2007,"WD","Normal",12.4008167223227
177,"60","RL",97,100.144895027156,"Pave","None","IRG","Lvl","AllPub","Corner","Gtl","Othr","Norm","Norm","1Fam","6","5",1988,1989,"Gable","CompShg","Plywood","BrkFace",268,"Gd","TA","PConc","Gd","TA","No","GLQ","Unf",0,17.8885438199983,"GasA","TA","Y","SBrkr",34.117444218464,0,0,1,2,1,4,1,"TA",8,"Typ",1,"TA","Attchd",1988,22.8254244210267,"Y",0,15.0996688705415,0,0,192,0,"None","None",0,9,2007,"WD","Normal",12.2596134124582
178,"50","RL",79.7020259703758,116.833214455479,"Pave","None","Reg","Lvl","AllPub","Inside","Gtl","Sawyer","Norm","Norm","1Fam","5","5",1958,1958,"Gable","CompShg","MetalSd","None",0,"Gd","Gd","CBlock","TA","TA","No","ALQ","Othr",21,23.5372045918796,"GasA","Ex","Y","SBrkr",35.3836120259083,0,1,0,2,0,4,1,"Gd",8,"Typ",1,"Gd","Attchd",1958,21.2367605815953,"Y",0,0,0,0,0,0,"None","None",0,7,2006,"WD","Normal",12.0581525154536
179,"20","RL",63,131.996212066862,"Pave","None","IRG","Lvl","AllPub","CulDSac","Gtl","Othr","Norm","Norm","1Fam","Othr","5",2008,2009,"Hip","CompShg","VinylSd","Stone",748,"Othr","TA","PConc","Ex","TA","No","GLQ","Unf",0,17.6635217326557,"GasA","Ex","Y","SBrkr",47.2652091923859,0,1,0,2,0,1,1,"Ex",9,"Typ",1,"Gd","Attchd",2009,34.1467421579277,"Y",0,7.74596669241483,0,0,0,0,"None","None",0,7,2009,"New","Partial",13.1260306447518
180,"Othr","RM",60,92.3038460737146,"Pave","None","Reg","Lvl","AllPub","Inside","Gtl","OldTown","Norm","Norm","1Fam","5","6",1923,2006,"Gable","CompShg","Wd Sdng","None",0,"Gd","TA","CBlock","TA","TA","No","Unf","Unf",0,31.1126983722081,"GasA","TA","Y","SBrkr",31.1126983722081,0,0,0,1,0,2,1,"TA",5,"Typ",0,"None","Detchd",1935,21.9089023002066,"N",0,0,184,0,0,0,"None","None",0,7,2007,"WD","Normal",11.5129254649702
181,"Othr","Othr",49.3415319683503,46.0108682813094,"Pave","None","Reg","Lvl","AllPub","Inside","Gtl","Somerst","Norm","Norm","Othr","6","5",2000,2000,"Gable","CompShg","MetalSd","BrkFace",456,"Gd","TA","PConc","Gd","TA","No","GLQ","Unf",0,17.8885438199983,"GasA","Ex","Y","SBrkr",27.7308492477241,0,0,0,2,1,3,1,"Gd",5,"Typ",1,"TA","Detchd",2000,20.976176963403,"Y",0,0,0,0,0,0,"None","None",0,6,2007,"WD","Normal",12.083905011556
182,"Othr","RL",54,87.1091269615303,"Pave","None","Reg","Lvl","AllPub","Inside","Gtl","Othr","Norm","Norm","1Fam","7","6",1920,1950,"Gable","CompShg","Othr","None",0,"TA","TA","BrkTil","Othr","TA","No","LwQ","Unf",0,21,"GasA","Gd","Y","SBrkr",30.0166620396073,0,0,0,1,1,4,1,"TA",9,"Typ",1,"Gd","Detchd",1920,14.6969384566991,"Y",0,0,40,0,0,0,"None","None",0,7,2006,"WD","Normal",12.2065725205718
183,"20","RL",60,95.1840322743264,"Pave","None","Reg","Lvl","AllPub","Inside","Gtl","Edwards","Othr","Norm","1Fam","5","6",1957,2006,"Hip","CompShg","Wd Sdng","BrkFace",98,"TA","TA","PConc","Othr","Othr","Othr","Othr","Othr",0,0,"GasA","Ex","Y","SBrkr",36.6060104354463,0,0,0,1,0,3,1,"TA",7,"Typ",1,"Gd","Attchd",1957,15.8745078663875,"Y",10.770329614269,0,0,180,0,0,"MnPrv","None",0,6,2007,"WD","Normal",11.6952470217642
184,"50","RM",63,106.892469332503,"Pave","None","Reg","Lvl","AllPub","Inside","Gtl","OldTown","Norm","Norm","1Fam","7","5",2003,2003,"Gable","CompShg","VinylSd","None",0,"TA","TA","PConc","Gd","TA","No","Unf","Unf",0,36.9052841744919,"GasA","Ex","Y","SBrkr",36.9052841744919,0,0,0,2,1,3,1,"Gd",6,"Othr",0,"None","Detchd",2003,22,"N",16.7332005306815,15.4272486205415,0,0,0,0,"None","None",0,6,2008,"WD","Normal",12.2060726455302
185,"50","RL",92,86.2438403597614,"Pave","None","IRG","Lvl","AllPub","Inside","Gtl","Othr","Othr","Othr","1Fam","5","Othr",1908,1991,"Gable","CompShg","Othr","None",0,"TA","TA","PConc","Othr","TA","No","Unf","Unf",0,22.4499443206436,"GasA","Gd","Y","SBrkr",30.5941170815567,0,0,0,1,0,3,1,"TA",5,"Typ",0,"None","Attchd",1986,24,"Y",10.1980390271856,0,0,0,0,0,"MnPrv","None",0,6,2006,"WD","Normal",11.7519423654407
187,"Othr","RL",69.9539197283312,99.7346479414251,"Pave","None","IRG","Lvl","AllPub","CulDSac","Gtl","Othr","Norm","Norm","1Fam","7","5",1990,1991,"Gable","CompShg","HdBoard","None",0,"TA","TA","PConc","Gd","TA","Av","GLQ","Unf",0,24.0208242989286,"GasA","Ex","Y","SBrkr",34.8855270850248,0,1,0,2,0,3,1,"Gd",6,"Typ",0,"None","Attchd",1990,22.293496809608,"Y",12.9614813968157,5.19615242270663,0,0,0,0,"Othr","None",0,6,2009,"WD","Normal",12.0610468734799
188,"50","RL",60,102.029407525478,"Pave","None","Reg","Lvl","AllPub","Inside","Gtl","OldTown","Norm","Norm","1Fam","5","7",1916,1987,"Gable","CompShg","HdBoard","None",0,"TA","TA","CBlock","Othr","TA","No","Unf","Unf",0,25.6904651573303,"GasA","Ex","Y","SBrkr",28.4253408071038,144,0,0,2,1,3,1,"TA",8,"Othr",0,"None","Detchd",1916,13.4164078649987,"N",0,0,0,140,0,0,"MnPrv","None",0,8,2009,"WD","Normal",11.8130300574206
189,"Othr","RL",64,83.773504164503,"Pave","None","Reg","Othr","AllPub","Inside","Gtl","Othr","Feedr","Norm","Othr","5","5",1979,1979,"Gable","CompShg","Plywood","Stone",275,"TA","TA","CBlock","Gd","TA","Av","GLQ","Unf",0,0,"GasA","TA","Y","SBrkr",34.9857113690718,0,2,0,0,2,2,2,"TA",6,"Typ",2,"TA","Detchd",1979,22.9782505861521,"Y",10.9544511501033,0,0,0,0,0,"None","None",0,6,2009,"WD","Othr",11.9403933925547
190,"120","RL",41,70.164093381159,"Pave","None","Reg","Lvl","AllPub","Inside","Gtl","Othr","Norm","Norm","TwnhsE","8","5",2001,2002,"Gable","CompShg","Othr","None",0,"Gd","TA","PConc","Ex","TA","Av","GLQ","Unf",0,20.976176963403,"GasA","Ex","Y","SBrkr",39.9124040869502,0,1,0,1,1,0,1,"Ex",5,"Typ",1,"Gd","Attchd",2001,26.1151297144012,"Y",0,10.9544511501033,0,0,224,0,"None","None",0,8,2008,"WD","Normal",12.563747089802
191,"Othr","RL",70,102.810505299799,"Pave","None","Reg","Othr","AllPub","Inside","Othr","Othr","Norm","Norm","1Fam","8","Othr",1932,1994,"Hip","CompShg","Othr","None",0,"Gd","TA","CBlock","Gd","Othr","No","Rec","Unf",0,23.5796522451032,"GasA","TA","Y","SBrkr",39.3573373083089,0,0,0,2,1,3,1,"Gd",10,"Othr",2,"TA","Detchd",1932,20.976176963403,"Y",0,8.60232526704263,0,0,0,0,"None","None",0,12,2007,"WD","Normal",12.6603279178078
192,"60","RL",63.4385098041993,86.4407311398972,"Pave","None","IRG","Lvl","AllPub","CulDSac","Gtl","NAmes","Norm","Norm","1Fam","7","Othr",1972,2004,"Gable","CompShg","HdBoard","BrkFace",138,"TA","TA","CBlock","TA","TA","No","ALQ","Unf",0,9.9498743710662,"GasA","Gd","Y","SBrkr",26.9258240356725,0,1,0,1,1,4,1,"Gd",7,"Typ",0,"None","Attchd",1972,22,"Y",0,5.65685424949238,0,0,0,0,"None","None",0,6,2007,"WD","Normal",12.1226910365911
193,"20","RL",68,94.957885401898,"Pave","None","IRG","Lvl","AllPub","Inside","Gtl","CollgCr","Norm","Norm","1Fam","7","5",1999,1999,"Gable","CompShg","VinylSd","None",0,"Gd","TA","PConc","Gd","TA","Av","GLQ","Unf",0,29.5127091267474,"GasA","Ex","Y","SBrkr",37.8285606387555,0,1,0,2,0,3,1,"Gd",6,"Typ",0,"None","Attchd",1999,25.8069758011279,"Y",0,5.91607978309962,0,0,0,0,"None","None",0,9,2009,"WD","Normal",12.1652506510099
194,"Othr","RM",24,50.2195181179589,"Pave","None","Reg","Lvl","AllPub","Inside","Gtl","Edwards","Norm","Norm","Othr","7","5",2004,2004,"Gable","CompShg","VinylSd","Stone",50,"Gd","TA","PConc","Gd","TA","No","Unf","Unf",0,31.1448230047949,"GasA","Ex","Y","SBrkr",31.1448230047949,0,0,0,2,0,3,1,"Gd",7,"Othr",0,"None","Detchd",2004,19.4935886896179,"Y",0,6.32455532033676,0,0,0,0,"None","None",0,5,2006,"WD","Normal",11.7752897294377
195,"20","RL",60,84.7348806572594,"Pave","None","IRG","Lvl","AllPub","Inside","Gtl","CollgCr","Norm","Norm","1Fam","5","7",1972,1972,"Hip","CompShg","HdBoard","None",0,"TA","TA","CBlock","TA","TA","Av","ALQ","Unf",0,21.7715410570772,"GasA","TA","Y","SBrkr",29.3938769133981,0,0,0,1,0,3,1,"TA",5,"Typ",0,"None","Detchd",1989,18.7616630392937,"Y",0,0,0,0,0,0,"None","None",0,5,2008,"WD","Normal",11.7519423654407
196,"Othr","RL",24,47.7493455452533,"Pave","None","Reg","Lvl","AllPub","Othr","Gtl","Othr","Norm","Norm","Othr","6","6",1976,1976,"Gable","CompShg","Plywood","None",0,"TA","TA","CBlock","Gd","TA","No","ALQ","Unf",0,17,"GasA","TA","Y","SBrkr",29.2403830344269,0,0,0,2,1,3,1,"TA",7,"Typ",1,"TA","Attchd",1976,20.976176963403,"Y",9.32737905308882,0,0,0,0,0,"None","None",0,7,2009,"WD","Normal",11.9083402372249
197,"20","RL",79,97.0360757656656,"Pave","None","Reg","Lvl","AllPub","Inside","Gtl","Somerst","Norm","Norm","1Fam","7","5",2007,2007,"Hip","CompShg","Othr","Stone",205,"Othr","TA","PConc","Ex","TA","No","GLQ","Unf",0,24.4948974278318,"GasA","Ex","Y","SBrkr",41.545156155682,0,1,0,2,0,3,1,"Ex",8,"Typ",1,"Gd","Attchd",2007,28.0356915377524,"Y",13.076696830622,11.7473401244707,0,0,266,0,"None","None",0,9,2007,"New","Partial",12.6503481262032
198,"Othr","RL",174,159.433371663526,"Pave","None","Reg","Lvl","AllPub","Corner","Gtl","NAmes","Othr","Norm","1Fam","8","Othr",1918,1990,"Gable","CompShg","Othr","None",0,"Gd","Gd","PConc","TA","TA","No","GLQ","Othr",13.5646599662505,11.8321595661992,"GasA","Gd","Y","SBrkr",36.8781778291715,392,1,1,2,0,4,1,"Gd",8,"Typ",1,"Othr","Detchd",1918,28.1957443597434,"Y",0,4,552,0,0,22.6274169979695,"Othr","None",0,3,2006,"WD","Abnorml",12.3673407931263
199,"Othr","RM",92,74.2967024840268,"Pave","None","Reg","Lvl","AllPub","Corner","Gtl","OldTown","Norm","Norm","1Fam","6","6",1912,1950,"Gable","CompShg","Wd Sdng","None",0,"TA","TA","CBlock","TA","TA","No","Unf","Unf",0,27.4772633280682,"GasA","Ex","Y","SBrkr",30.4795013082563,371,0,0,1,0,5,1,"TA",8,"Typ",0,"None","None",2003,0,"Y",0,14.0712472794703,30,0,0,0,"MnPrv","None",0,7,2009,"WD","Abnorml",11.5521461781235
200,"20","RL",76,97.933651009242,"Pave","None","Reg","Lvl","AllPub","Inside","Gtl","NridgHt","Norm","Norm","1Fam","8","5",2004,2005,"Hip","CompShg","VinylSd","BrkFace",262,"Gd","TA","PConc","Ex","TA","Av","GLQ","Unf",0,25,"GasA","Ex","Y","SBrkr",41.3884041731498,0,1,0,2,0,3,1,"Ex",7,"Typ",1,"Gd","Attchd",2004,29.2574776766556,"Y",0,5.09901951359278,0,0,170,0,"None","None",0,1,2009,"WD","Normal",12.5241626741533
201,"20","RM",80,92.4445779913565,"Pave","None","Reg","Lvl","AllPub","Corner","Gtl","Edwards","Norm","Norm","1Fam","4","5",2003,2004,"Gable","CompShg","VinylSd","None",0,"TA","TA","PConc","Gd","TA","No","Unf","Unf",0,33.4813380855664,"GasA","Ex","Y","SBrkr",33.4813380855664,0,0,0,2,0,2,1,"TA",5,"Typ",0,"None","Attchd",2003,20.976176963403,"Y",11.4891252930761,8,0,0,0,0,"None","None",0,3,2010,"WD","Normal",11.8493977015914
202,"20","RL",75,100.623058987491,"Pave","None","Reg","Lvl","AllPub","Inside","Gtl","Othr","Norm","Norm","1Fam","6","6",1977,1977,"Gable","CompShg","Plywood","None",0,"TA","TA","CBlock","TA","TA","No","ALQ","Othr",16.7032930884901,16.6132477258361,"GasA","TA","Y","SBrkr",35.7631094844953,0,0,1,2,0,3,1,"TA",6,"Typ",2,"Othr","Detchd",1980,21.7485631709315,"Y",15.4272486205415,9.1104335791443,0,0,0,0,"MnPrv","None",0,2,2008,"WD","Normal",12.0523385455881
203,"50","RL",50,83.6660026534076,"Pave","None","Reg","Lvl","AllPub","Corner","Gtl","OldTown","Othr","Norm","1Fam","6","6",1924,1950,"Gable","CompShg","MetalSd","None",0,"TA","Gd","BrkTil","Othr","TA","No","LwQ","Unf",0,0,"GasA","Gd","Y","SBrkr",29.4108823397055,0,0,0,2,0,2,1,"TA",6,"Othr",0,"None","Attchd",1924,19.94993734326,"Y",0,0,126,0,0,0,"None","None",0,5,2006,"Othr","Normal",11.6262541502772
204,"120","RM",55.451538608314,66.6183157997859,"Pave","None","Reg","Lvl","AllPub","Inside","Gtl","CollgCr","Norm","Norm","TwnhsE","6","5",2004,2004,"Gable","CompShg","VinylSd","BrkFace",205,"Gd","TA","PConc","Gd","TA","Av","GLQ","Unf",0,13.6381816969859,"GasA","Ex","Y","SBrkr",29.1204395571221,0,1,0,1,0,1,1,"Gd",3,"Typ",1,"Gd","Attchd",2004,20.4939015319192,"Y",12.2065556157337,0,0,0,0,0,"None","None",0,1,2008,"WD","Normal",11.9117015849276
205,"50","RM",50,59.1607978309962,"Pave","Othr","Reg","Lvl","AllPub","Inside","Gtl","OldTown","Norm","Norm","1Fam","5","7",1947,1950,"Gable","CompShg","Othr","None",0,"TA","TA","CBlock","TA","TA","No","LwQ","Unf",0,20.1990098767242,"GasA","TA","Y","SBrkr",26.8328157299975,0,0,0,1,1,2,1,"TA",5,"Typ",0,"None","Detchd",1948,15.4919333848297,"Y",0,5.91607978309962,0,0,0,0,"Othr","None",0,4,2009,"WD","Normal",11.6082356447746
206,"20","RL",99,108.86229834061,"Pave","None","Reg","Lvl","AllPub","Corner","Gtl","Gilbert","Norm","Norm","1Fam","7","5",1990,1990,"Gable","CompShg","HdBoard","None",0,"TA","TA","PConc","Gd","TA","No","Unf","Unf",0,37.7359245282264,"GasA","Ex","Y","SBrkr",37.973675092095,0,0,0,2,0,3,1,"TA",5,"Typ",0,"None","Attchd",1990,22.3606797749979,"Y",0,5.8309518948453,0,508,0,0,"None","None",0,5,2009,"WD","Normal",12.1034860567551
207,"20","RL",40,116.931603940081,"Pave","None","IRG","Lvl","AllPub","CulDSac","Gtl","Sawyer","Othr","Norm","1Fam","5","5",1962,1962,"Gable","CompShg","HdBoard","None",0,"TA","Gd","CBlock","TA","TA","No","Unf","Unf",0,33.7638860322683,"GasA","TA","Y","SBrkr",41.182520563948,0,0,0,1,1,3,1,"TA",8,"Othr",1,"TA","Attchd",1962,18.6815416922694,"Y",0,5.47722557505166,0,0,0,0,"None","None",0,3,2007,"WD","Normal",11.8768738928755
208,"20","RL",76.6562363613978,111.772089539384,"Pave","None","IRG","Lvl","AllPub","Inside","Gtl","NAmes","Norm","Norm","1Fam","4","5",1960,1960,"Gable","CompShg","Wd Sdng","None",0,"TA","TA","PConc","TA","TA","No","ALQ","Othr",17.4928556845359,19.3649167310371,"GasA","TA","Y","SBrkr",33.166247903554,0,1,0,1,0,3,1,"TA",6,"Typ",1,"Othr","Attchd",1960,17.6635217326557,"Y",18.8414436814168,0,0,0,0,0,"Othr","None",0,4,2008,"WD","Normal",11.8565151693603
209,"60","RL",81.5816230151557,119.849906132629,"Pave","None","IRG","Othr","AllPub","Inside","Othr","Othr","Norm","Norm","1Fam","7","5",1988,1989,"Gable","CompShg","Plywood","BrkFace",128,"Gd","TA","CBlock","Gd","TA","Gd","GLQ","Unf",0,9.59166304662544,"GasA","Ex","Y","SBrkr",34.3511280746353,0,1,0,2,1,3,1,"TA",7,"Typ",1,"Gd","Attchd",1988,21.3072757526625,"Y",7.74596669241483,7.41619848709566,0,0,154,0,"None","None",0,4,2007,"WD","Normal",12.5317727851695
210,"20","RL",75,90.8295106229247,"Pave","None","Reg","Lvl","AllPub","Inside","Gtl","NAmes","Norm","Norm","1Fam","6","7",1964,1964,"Hip","CompShg","HdBoard","Stone",260,"TA","TA","CBlock","Gd","TA","No","Rec","Unf",0,17.464249196573,"GasA","Ex","Y","SBrkr",33.0454232837166,0,1,0,1,0,3,1,"TA",6,"Typ",0,"None","Attchd",1964,22.4499443206436,"Y",0,0,0,0,0,0,"MnPrv","None",0,7,2008,"WD","Normal",11.8844890214027
211,"Othr","RL",67,74.8598690888516,"Pave","None","Reg","Lvl","AllPub","Inside","Gtl","Edwards","Norm","Norm","1Fam","5","6",1925,1950,"Gable","CompShg","Othr","None",0,"TA","TA","CBlock","TA","TA","No","Rec","Unf",0,19.8997487421324,"GasA","TA","N","FuseA",29.3938769133981,0,1,0,1,0,2,1,"TA",5,"Typ",0,"None","None",1982,0,"Y",0,0,96,0,0,0,"None","None",0,4,2008,"WD","Normal",11.4927227576527
212,"20","RL",83,102.078401241399,"Pave","None","Reg","Lvl","AllPub","Corner","Gtl","Edwards","Norm","Norm","1Fam","6","5",2009,2009,"Gable","CompShg","VinylSd","None",0,"TA","TA","PConc","Gd","TA","Mn","GLQ","Unf",0,34.2928563989645,"GasA","Ex","Y","SBrkr",34.8137903710584,0,0,0,2,0,3,1,"Gd",6,"Typ",0,"None","Attchd",2009,21.4476105895272,"Y",10,4.69041575982343,0,0,0,0,"None","None",0,3,2010,"WD","Normal",12.1335019526953
213,"60","Othr",72,92.951600308978,"Pave","None","Reg","Lvl","AllPub","Inside","Gtl","Somerst","Norm","Norm","1Fam","7","5",2009,2009,"Gable","CompShg","VinylSd","None",0,"TA","TA","PConc","Gd","TA","No","GLQ","Unf",0,8.83176086632785,"GasA","Ex","Y","SBrkr",30.5286750449475,0,1,0,2,1,3,1,"Gd",7,"Typ",1,"TA","Attchd",2009,25.377155080899,"Y",12.9614813968157,10.3923048454133,0,0,0,0,"None","None",0,7,2009,"New","Partial",12.4398712298317
214,"20","RL",43,116.481758228488,"Pave","None","IRG","Lvl","AllPub","CulDSac","Gtl","CollgCr","Norm","Norm","1Fam","5","5",1995,1995,"Gable","CompShg","VinylSd","None",0,"TA","TA","PConc","Gd","TA","No","ALQ","Unf",0,16.5529453572468,"GasA","Ex","Y","SBrkr",31.4642654451045,0,0,1,1,0,3,1,"TA",5,"Typ",0,"None","Attchd",1996,24,"Y",14.9666295470958,0,0,0,0,0,"None","None",0,7,2006,"WD","Normal",11.9576112862317
215,"60","RL",72.4626816102293,104.403065089105,"Pave","None","IRG","Lvl","AllPub","Othr","Gtl","CollgCr","Norm","Norm","1Fam","6","7",1977,1977,"Gable","CompShg","HdBoard","BrkFace",153,"TA","TA","CBlock","Gd","TA","No","GLQ","Unf",0,17.6351920885484,"GasA","Ex","Y","SBrkr",26.2488094968134,0,0,0,1,1,3,1,"TA",6,"Typ",0,"None","Attchd",1977,17.2916164657906,"Y",0,6,0,0,0,0,"MnPrv","Othr",450,3,2010,"WD","Normal",11.9938072123631
216,"20","RL",72,100.054984883313,"Pave","None","IRG","Lvl","AllPub","Inside","Gtl","NAmes","Norm","Norm","1Fam","5","6",1957,1996,"Gable","CompShg","HdBoard","BrkFace",64,"TA","TA","CBlock","TA","TA","No","BLQ","Unf",0,26.6458251889485,"GasA","TA","Y","SBrkr",35.1567916624939,0,0,1,1,0,2,1,"Gd",6,"Othr",1,"Othr","Attchd",1957,21.142374511866,"Y",0,0,0,0,0,0,"MnPrv","None",0,5,2006,"WD","Normal",11.808947661697
217,"20","RL",65,91.9238815542512,"Pave","None","Reg","Lvl","AllPub","Inside","Gtl","CollgCr","Norm","Norm","1Fam","7","5",2004,2004,"Gable","CompShg","VinylSd","BrkFace",266,"Gd","TA","PConc","Gd","TA","Mn","GLQ","Unf",0,22.1359436211787,"GasA","Ex","Y","SBrkr",37.8945906429928,0,1,0,2,0,3,1,"Gd",8,"Typ",0,"None","Attchd",2004,22,"Y",11.7898261225516,9.89949493661167,0,0,0,0,"None","None",0,4,2008,"WD","Normal",12.2548628096996
218,"Othr","RM",57,99.5288902781499,"Pave","Othr","Reg","Lvl","AllPub","Inside","Gtl","OldTown","Norm","Norm","1Fam","4","Othr",1925,1950,"Gable","CompShg","MetalSd","None",0,"TA","TA","CBlock","TA","TA","No","Unf","Unf",0,26.1916017074176,"GasA","Othr","N","SBrkr",28.4604989415154,0,0,0,1,0,3,1,"TA",8,"Typ",0,"None","Detchd",1940,14.4913767461894,"Y",0,13.114877048604,60,0,0,0,"None","None",0,9,2006,"WD","Othr",11.580584113444
219,"50","RL",84.9933285754284,125.139921687685,"Pave","None","IRG","Lvl","AllPub","Corner","Gtl","Othr","Norm","Norm","1Fam","7","Othr",1939,2006,"Gable","CompShg","VinylSd","BrkFace",312,"Gd","Gd","CBlock","TA","TA","No","BLQ","Unf",0,21.3775583264319,"GasA","Ex","Y","SBrkr",33.7194306001747,0,0,1,1,1,3,1,"Gd",8,"Typ",2,"TA","Attchd",1939,20.7605394920267,"Y",0,10.9087121146357,150,0,0,0,"None","None",0,5,2008,"WD","Normal",12.6491546172096
220,"120","RL",43,54.8634668973808,"Pave","None","Reg","Lvl","AllPub","Inside","Gtl","Othr","Norm","Norm","TwnhsE","7","5",2005,2006,"Gable","CompShg","VinylSd","BrkFace",16,"Gd","TA","PConc","Gd","TA","Av","GLQ","Unf",0,35.0998575495685,"GasA","Ex","Y","SBrkr",35.3270434653114,0,0,0,2,0,2,1,"Gd",5,"Typ",0,"None","Attchd",2005,20.9284495364563,"Y",10.3923048454133,0,0,0,0,0,"None","None",0,3,2006,"New","Partial",12.0271851854705
221,"20","RL",73,94.8156105290685,"Pave","None","IRG","Lvl","AllPub","Inside","Gtl","CollgCr","Norm","Norm","1Fam","7","5",2006,2006,"Gable","CompShg","VinylSd","None",0,"Gd","TA","PConc","Gd","TA","Mn","Unf","Unf",0,38.7040049607273,"GasA","Ex","Y","SBrkr",38.7040049607273,0,0,0,2,0,2,1,"Gd",5,"Typ",0,"None","Attchd",2006,25.9807621135332,"Y",18.7349939951952,5.74456264653803,0,0,0,0,"None","None",0,4,2006,"New","Partial",12.230277334227
222,"60","RL",65.0074731637074,89.8220462915425,"Pave","None","IRG","Lvl","AllPub","Inside","Gtl","Gilbert","Norm","Norm","1Fam","6","5",2002,2002,"Gable","CompShg","VinylSd","None",0,"Gd","TA","PConc","Gd","TA","No","Unf","Unf",0,31.7804971641414,"GasA","Ex","Y","SBrkr",31.7804971641414,0,0,0,2,1,4,1,"Gd",8,"Typ",1,"TA","BuiltIn",2002,19.7484176581315,"Y",10.9544511501033,6.78232998312527,0,0,0,0,"None","None",0,12,2009,"Othr","Normal",12.2060726455302
223,"60","RL",85,107.121426428143,"Pave","None","Reg","Lvl","AllPub","Inside","Gtl","Othr","Othr","Norm","1Fam","6","6",1975,1975,"Gable","CompShg","VinylSd","None",0,"TA","TA","CBlock","Gd","TA","No","ALQ","Unf",0,12.7671453348037,"GasA","TA","Y","SBrkr",28.4780617317963,0,1,0,2,1,3,1,"TA",6,"Typ",1,"TA","Attchd",1975,20.8326666559997,"Y",14.456832294801,14.422205101856,0,0,0,0,"MnPrv","None",0,2,2006,"WD","Normal",12.1001564199386
224,"20","RL",70,102.469507659596,"Pave","None","Reg","Lvl","AllPub","Othr","Gtl","NAmes","Norm","Norm","1Fam","4","6",1971,1971,"Gable","CompShg","HdBoard","None",0,"TA","TA","CBlock","TA","TA","No","ALQ","Othr",13.4164078649987,12.6491106406735,"GasA","Gd","Y","SBrkr",29.3938769133981,0,0,0,1,0,2,1,"TA",4,"Typ",0,"None","Detchd",1989,24,"Y",14.6969384566991,0,0,0,0,0,"None","None",0,3,2009,"WD","Abnorml",11.4824662574855
225,"20","RL",103,116.068945028375,"Pave","None","Reg","Lvl","AllPub","Inside","Gtl","NridgHt","Norm","Norm","1Fam","Othr","5",2003,2003,"Hip","CompShg","VinylSd","BrkFace",922,"Othr","TA","PConc","Ex","TA","Gd","GLQ","Unf",0,48.3321838943783,"GasA","Ex","Y","SBrkr",48.9080770425499,0,0,0,2,0,3,1,"Ex",8,"Typ",1,"Othr","Attchd",2003,31.1126983722081,"Y",15.7480157480236,10.2469507659596,0,0,0,0,"None","None",0,6,2009,"WD","Normal",12.8642401071941
226,"Othr","RM",21,40.9878030638384,"Pave","None","Reg","Lvl","AllPub","Inside","Gtl","Othr","Norm","Norm","Othr","5","5",1971,1971,"Gable","CompShg","HdBoard","BrkFace",142,"TA","TA","CBlock","TA","TA","No","Unf","Unf",0,25.0998007960223,"GasA","TA","Y","SBrkr",25.0998007960223,0,0,0,2,1,3,1,"TA",6,"Typ",0,"None","Detchd",1991,16.7332005306815,"Y",0,0,0,0,0,0,"None","None",0,5,2009,"Othr","Abnorml",11.6262541502772
227,"60","RL",82,99.7496867163,"Pave","None","IRG","Lvl","AllPub","Inside","Gtl","Othr","Norm","Norm","1Fam","7","5",1995,1995,"Gable","CompShg","VinylSd","BrkFace",290,"Gd","TA","PConc","Gd","TA","No","GLQ","Unf",0,25.2586618806302,"GasA","Ex","Y","SBrkr",34.8425027803687,0,0,0,2,1,4,1,"Gd",9,"Typ",1,"TA","Attchd",1995,26.8514431641951,"Y",14.9666295470958,10.6770782520313,0,0,0,0,"None","None",0,6,2007,"WD","Abnorml",12.5776362019627
228,"Othr","RM",21,43.2319326424346,"Pave","None","Reg","Lvl","AllPub","Inside","Gtl","Othr","Norm","Norm","Othr","6","6",1970,1970,"Gable","CompShg","HdBoard","BrkFace",127,"TA","TA","CBlock","TA","TA","No","Rec","Unf",0,12.7279220613579,"GasA","TA","Y","SBrkr",21.9772609758359,0,0,0,1,1,2,1,"TA",5,"Typ",0,"None","Detchd",1987,16.7332005306815,"Y",0,0,0,0,0,0,"None","None",0,9,2008,"WD","Normal",11.5711943730942
229,"20","RL",70,92.3092628071528,"Pave","None","Reg","Lvl","AllPub","Othr","Gtl","Sawyer","Feedr","Norm","1Fam","5","5",1967,1967,"Gable","CompShg","HdBoard","None",0,"TA","TA","CBlock","TA","TA","No","ALQ","Unf",0,8.36660026534076,"GasA","TA","Y","SBrkr",30.199337741083,0,0,0,1,0,3,1,"TA",5,"Typ",1,"Othr","Detchd",1974,18.3303027798234,"Y",0,0,0,0,0,0,"MnPrv","None",0,5,2010,"WD","Normal",11.7360690162844
230,"120","RL",43,56.4092191046818,"Pave","None","Reg","Lvl","AllPub","Inside","Gtl","Othr","Norm","Norm","TwnhsE","7","5",2005,2006,"Gable","CompShg","VinylSd","BrkFace",16,"Gd","TA","PConc","Gd","TA","Av","GLQ","Unf",0,36.8374809127877,"GasA","Ex","Y","SBrkr",39.4334883062607,0,0,0,2,0,2,1,"Gd",7,"Typ",1,"TA","Attchd",2005,20.7364413533277,"Y",11.9582607431014,4.47213595499958,0,0,0,0,"None","None",0,5,2009,"WD","Normal",12.16785143271
231,"20","RL",73,93.5948716543807,"Pave","None","Reg","Lvl","AllPub","Inside","Gtl","NAmes","Norm","Norm","1Fam","6","6",1959,1959,"Hip","CompShg","MetalSd","BrkFace",220,"TA","TA","CBlock","TA","TA","No","Unf","Unf",0,34.554305086342,"GasA","TA","Y","SBrkr",34.554305086342,0,1,0,1,0,3,1,"TA",6,"Typ",0,"None","Attchd",1959,17.6635217326557,"Y",0,0,120,0,0,0,"None","None",0,4,2010,"WD","Normal",11.9049675527463
232,"60","RL",174,123.036579926459,"Pave","None","IRG","Lvl","AllPub","Inside","Gtl","Othr","Norm","Norm","1Fam","8","5",1995,1996,"Gable","CompShg","VinylSd","BrkFace",506,"Gd","TA","PConc","Gd","TA","No","GLQ","Unf",0,27.8028775489157,"GasA","Ex","Y","SBrkr",38.6005181312376,0,1,0,2,1,4,1,"Ex",9,"Typ",1,"TA","Attchd",1995,28.4604989415154,"Y",0,12.0830459735946,202,0,0,0,"None","None",0,7,2009,"WD","Normal",12.9066918409288
233,"Othr","RM",21,40.9878030638384,"Pave","None","Reg","Lvl","AllPub","Inside","Gtl","Othr","Norm","Norm","Othr","6","5",1972,1972,"Gable","CompShg","HdBoard","BrkFace",297,"TA","TA","CBlock","TA","TA","No","Unf","Unf",0,21.9772609758359,"GasA","TA","Y","SBrkr",21.9772609758359,0,0,0,1,1,2,1,"TA",5,"Typ",1,"Othr","Attchd",1972,16.9705627484771,"Y",0,0,0,0,0,0,"None","None",0,6,2006,"WD","Normal",11.4563551134818
234,"20","RL",75,103.198837202751,"Pave","None","Reg","Lvl","AllPub","Corner","Gtl","CollgCr","Norm","Norm","1Fam","5","6",1976,1976,"Gable","CompShg","HdBoard","None",0,"TA","TA","CBlock","TA","Othr","Av","LwQ","Othr",26.6833281282527,0,"GasA","TA","Y","SBrkr",29.8998327754521,0,1,0,1,0,3,1,"TA",5,"Typ",0,"None","Attchd",1976,17.5499287747842,"Y",19.1049731745428,0,0,0,0,0,"MnPrv","None",0,2,2010,"WD","Normal",11.7613468234687
235,"60","RL",64.4362230814704,88.6058688801143,"Pave","None","Reg","Lvl","AllPub","Inside","Gtl","Gilbert","Norm","Norm","1Fam","6","5",2002,2002,"Gable","CompShg","VinylSd","BrkFace",261.6724,"Gd","TA","PConc","Gd","TA","No","GLQ","Unf",0,15.3297097167559,"GasA","Ex","Y","SBrkr",29.3257565972304,0,1,0,2,1,4,1,"Gd",8,"Typ",2,"TA","BuiltIn",2002,20.976176963403,"Y",16.9705627484771,6.92820323027551,0,0,0,0,"None","None",0,5,2010,"WD","Normal",12.2853458264247
236,"Othr","RM",21,40.9878030638384,"Pave","None","Reg","Lvl","AllPub","Inside","Gtl","Othr","Norm","Norm","TwnhsE","6","Othr",1971,1971,"Gable","CompShg","HdBoard","BrkFace",604,"TA","TA","CBlock","TA","TA","No","ALQ","Unf",0,11.1803398874989,"GasA","TA","Y","SBrkr",21.9772609758359,0,0,0,1,1,2,1,"TA",5,"Typ",0,"None","Detchd",1971,16.2480768092719,"Y",0,0,0,0,0,0,"None","None",0,8,2008,"WD","Normal",11.4019939042629
237,"20","RL",65,93.6642941573789,"Pave","None","Reg","Lvl","AllPub","Othr","Gtl","CollgCr","Norm","Norm","1Fam","7","5",2004,2004,"Gable","CompShg","VinylSd","BrkFace",98,"Gd","TA","PConc","Gd","TA","Av","GLQ","Unf",0,37.2827037646145,"GasA","Ex","Y","SBrkr",37.6031913539263,0,0,0,2,0,3,1,"Gd",6,"Typ",0,"None","Attchd",2004,22.2261107708929,"Y",11.4891252930761,10.2469507659596,0,0,0,0,"None","None",0,5,2010,"WD","Normal",12.1308101610296
238,"60","RL",68.6534702323631,97.2265395866787,"Pave","None","IRG","Lvl","AllPub","CulDSac","Gtl","Othr","Othr","Norm","1Fam","7","7",1993,2003,"Gable","CompShg","HdBoard","None",0,"Gd","TA","PConc","Gd","TA","No","BLQ","Unf",0,24.3721152139079,"GasA","Ex","Y","SBrkr",31.8433666561813,0,0,0,2,1,3,1,"Gd",7,"Typ",0,"None","Attchd",1993,21.3775583264319,"Y",19.2353840616713,8.36660026534076,0,238,0,0,"None","None",0,2,2010,"WD","Normal",12.1781874420406
239,"20","RL",93,109.68135666557,"Pave","None","Reg","Lvl","AllPub","Inside","Gtl","NridgHt","Norm","Norm","1Fam","8","5",2007,2007,"Hip","CompShg","VinylSd","BrkFace",254,"Othr","TA","PConc","Ex","TA","No","Unf","Unf",0,41.1582312545134,"GasA","Ex","Y","SBrkr",41.1582312545134,0,0,0,2,0,3,1,"Gd",7,"Typ",0,"None","Attchd",2007,28.6006992921502,"Y",12.9614813968157,15.0996688705415,0,0,0,0,"None","None",0,12,2007,"New","Partial",12.6698066617623
240,"50","RL",52,93.4933152690608,"Pave","None","Reg","Lvl","AllPub","Inside","Gtl","Edwards","Norm","Norm","1Fam","6","Othr",1945,1950,"Gable","CompShg","VinylSd","None",0,"TA","TA","CBlock","TA","Othr","No","LwQ","Unf",0,25.3179778023443,"GasA","TA","Y","FuseA",28.2488937836511,0,0,0,1,1,3,1,"TA",7,"Typ",1,"Gd","Detchd",1949,14.8323969741913,"Y",0,11.8321595661992,0,0,0,0,"MnPrv","None",0,4,2010,"WD","Normal",11.6351430976945
241,"20","Othr",75,94.8683298050514,"Pave","None","Reg","Lvl","AllPub","Inside","Gtl","Somerst","Norm","Norm","1Fam","8","5",2008,2008,"Gable","CompShg","VinylSd","Stone",36,"Gd","TA","PConc","Gd","TA","Av","GLQ","Unf",0,22.0907220343745,"GasA","Ex","Y","SBrkr",39.5727178748188,0,1,0,2,0,3,1,"Gd",7,"Typ",0,"None","Attchd",2008,27.3861278752583,"Y",12,12.9614813968157,0,0,0,0,"None","None",0,4,2010,"WD","Normal",12.4780063610138
242,"Othr","RM",40,62.2896460095897,"Pave","None","Reg","Lvl","AllPub","Inside","Gtl","OldTown","Norm","Norm","1Fam","5","Othr",1945,1997,"Gable","CompShg","VinylSd","None",0,"TA","Gd","CBlock","TA","TA","No","ALQ","Unf",0,18.8944436276912,"GasA","Gd","Y","SBrkr",29.4278779391243,0,0,0,1,0,2,1,"Gd",4,"Typ",0,"None","None",1959,0,"Y",7.61577310586391,6.48074069840786,0,0,0,0,"None","None",0,8,2007,"WD","Normal",11.6127707999399
243,"50","RM",63,70.7106781186548,"Pave","None","Reg","Lvl","AllPub","Corner","Gtl","OldTown","Norm","Norm","1Fam","5","Othr",1900,1950,"Gable","CompShg","Wd Sdng","None",0,"TA","TA","BrkTil","TA","TA","No","Unf","Unf",0,23.2379000772445,"GasA","Gd","N","FuseA",29.8161030317511,0,0,0,1,0,3,1,"TA",6,"Typ",0,"None","Attchd",1940,18.7616630392937,"Y",0,0,77,0,0,0,"None","None",0,4,2006,"WD","Normal",11.2772031314492
244,"Othr","RL",75,103.740059764779,"Pave","None","Reg","Lvl","AllPub","Corner","Gtl","Othr","Norm","Norm","TwnhsE","6","6",1980,1980,"Gable","CompShg","Plywood","None",0,"TA","TA","CBlock","Gd","TA","No","Unf","Unf",0,25.0199920063936,"GasA","TA","Y","SBrkr",25.0199920063936,0,0,0,1,1,3,1,"TA",6,"Typ",1,"TA","Attchd",1980,16.9705627484771,"Y",0,5.29150262212918,0,0,0,0,"None","None",0,4,2009,"WD","Normal",11.6952470217642
245,"60","RL",67.1450541165944,94.233751915118,"Pave","None","IRG","Lvl","AllPub","Inside","Gtl","Othr","Norm","Norm","1Fam","7","5",1994,2002,"Gable","CompShg","VinylSd","None",0,"Gd","TA","PConc","Gd","TA","No","GLQ","Unf",0,15.9059737205869,"GasA","Ex","Y","SBrkr",34.9571165858971,0,1,0,2,1,3,1,"Gd",8,"Typ",2,"Othr","Attchd",1994,21.51743479135,"Y",0,11.4017542509914,0,0,0,0,"None","None",0,5,2010,"WD","Normal",12.2307652581205
246,"20","RL",80,101.980390271856,"Pave","None","Reg","Lvl","AllPub","Inside","Gtl","Othr","Norm","Norm","1Fam","7","5",1988,1988,"Gable","CompShg","Wd Sdng","BrkFace",102,"TA","TA","CBlock","Gd","TA","Av","GLQ","Unf",0,30.2654919008431,"GasA","Gd","Y","SBrkr",43.2666153055679,0,0,1,2,0,3,1,"TA",6,"Typ",1,"TA","Attchd",1988,24.576411454889,"Y",14.0356688476182,6.2449979983984,0,0,0,0,"None","None",0,6,2006,"WD","Normal",12.3946247520748
247,"Othr","RM",69,95.6138065344122,"Pave","Othr","Reg","Lvl","AllPub","Inside","Gtl","OldTown","Norm","Norm","Othr","6","Othr",1910,1950,"Gable","CompShg","Othr","None",0,"TA","Othr","Othr","Othr","TA","No","Unf","Unf",0,31.9374388453426,"GasA","Gd","N","Othr",30.1330383466387,0,0,0,2,0,4,2,"Othr",9,"Typ",0,"None","Detchd",1910,20.976176963403,"Y",0,7.74596669241483,112,0,0,0,"None","None",0,4,2006,"WD","Normal",11.8277362048103
248,"20","RL",75,106.348483769163,"Pave","None","Reg","Lvl","AllPub","Inside","Gtl","NAmes","Norm","Norm","1Fam","6","5",1954,1954,"Hip","CompShg","Wd Sdng","None",0,"TA","TA","CBlock","TA","TA","No","Unf","Unf",0,36.9729630946723,"GasA","Ex","Y","SBrkr",37.0809924354783,0,0,0,1,0,2,1,"TA",5,"Typ",1,"TA","Attchd",1954,21.2367605815953,"Y",0,5.47722557505166,0,0,0,0,"None","None",0,6,2006,"WD","Normal",11.8493977015914
249,"60","RL",72,106.381389349829,"Pave","None","Reg","Lvl","AllPub","Inside","Gtl","CollgCr","Norm","Norm","1Fam","7","5",2003,2003,"Gable","CompShg","VinylSd","BrkFace",101,"Gd","TA","PConc","Gd","TA","No","Unf","Unf",0,28.9827534923789,"GasA","Ex","Y","SBrkr",28.9827534923789,0,0,0,2,1,3,1,"Gd",8,"Typ",0,"None","Attchd",2003,22.3606797749979,"Y",12,8.24621125123532,0,0,0,0,"None","None",0,9,2007,"WD","Normal",12.1007121298723
250,"50","RL",462.334281514849,398.748040747538,"Pave","None","IRG","Othr","AllPub","CulDSac","Othr","Othr","Norm","Norm","1Fam","6","7",1958,2006,"Gable","CompShg","Wd Sdng","None",472,"Gd","TA","CBlock","Gd","TA","Gd","Rec","Unf",0,27.3313007374329,"GasA","Gd","Y","SBrkr",38,0,0,1,2,0,4,1,"Gd",7,"Typ",2,"TA","Attchd",1958,19.723082923316,"Y",0,9.89949493661167,0,0,0,0,"None","Othr",500,6,2007,"WD","Normal",12.5317727851695
251,"Othr","RL",55,73.143694191639,"Pave","None","IRG","Lvl","AllPub","Inside","Gtl","Othr","Norm","Norm","1Fam","Othr","Othr",1940,1966,"Gable","CompShg","Wd Sdng","None",0,"TA","Othr","CBlock","TA","TA","No","Unf","Unf",0,26.9814751264641,"GasA","Ex","Y","SBrkr",36.1386219991853,0,0,0,1,0,3,1,"Othr",6,"Othr",0,"None","None",1978,0,"Y",16.2172747402269,0,0,0,0,0,"Othr","Othr",450,5,2010,"WD","Normal",11.2450460198146
252,"120","RM",44,68.9202437604511,"Pave","None","IRG","Othr","AllPub","Inside","Othr","Othr","Norm","Norm","TwnhsE","8","5",2006,2007,"Hip","CompShg","VinylSd","Stone",481,"Gd","TA","PConc","Gd","TA","Gd","GLQ","Unf",0,0,"GasA","Ex","Y","SBrkr",40.3112887414927,0,1,1,2,0,2,1,"Gd",5,"Typ",1,"Gd","Attchd",2006,23.1948270094864,"Y",11.0905365064094,0,0,0,153,0,"None","None",0,12,2007,"WD","Othr",12.3673407931263
253,"60","RL",65,91.465840618233,"Pave","None","IRG","Lvl","AllPub","Inside","Gtl","Othr","Norm","Norm","1Fam","6","5",2004,2004,"Gable","CompShg","VinylSd","None",0,"Gd","TA","PConc","Gd","TA","No","Unf","Unf",0,28.2488937836511,"GasA","Ex","Y","SBrkr",28.2488937836511,0,0,0,2,1,3,1,"Gd",6,"Typ",0,"None","Attchd",2004,22.8035085019828,"Y",11.7473401244707,6.70820393249937,0,0,0,0,"None","None",0,12,2008,"WD","Normal",12.0610468734799
254,"Othr","RL",85,96.6953980290686,"Pave","None","Reg","Lvl","AllPub","Inside","Gtl","NAmes","Norm","Norm","1Fam","6","7",1964,1991,"Hip","CompShg","HdBoard","BrkFace",108,"TA","TA","CBlock","Gd","TA","Gd","LwQ","Othr",24.0831891575846,21.2602916254693,"GasA","Ex","Y","SBrkr",36.0832371053374,0,0,1,2,0,3,1,"Gd",7,"Othr",0,"None","Attchd",1964,17.5783958312469,"Y",18.2482875908947,0,0,0,0,0,"MnPrv","None",0,10,2007,"Othr","Normal",11.9703503120091
255,"20","RL",70,91.6515138991168,"Pave","None","Reg","Lvl","AllPub","Inside","Gtl","NAmes","Norm","Norm","1Fam","5","6",1957,1957,"Gable","CompShg","MetalSd","None",0,"TA","Gd","CBlock","TA","TA","No","Rec","Unf",0,19.7989898732233,"GasA","TA","Y","SBrkr",36.2491379207837,0,1,0,1,0,3,1,"TA",5,"Typ",0,"None","Attchd",1957,17.1464281994822,"Y",15.8113883008419,0,0,0,0,0,"None","None",0,6,2010,"WD","Normal",11.8844890214027
256,"60","RL",66,93.4772699644143,"Pave","None","IRG","Lvl","AllPub","Inside","Gtl","Gilbert","Norm","Norm","1Fam","7","5",1999,1999,"Gable","CompShg","VinylSd","BrkFace",302,"Gd","TA","PConc","Gd","TA","No","Unf","Unf",0,31.224989991992,"GasA","Ex","Y","SBrkr",31.7017349682947,0,0,0,2,1,4,1,"Gd",8,"Typ",1,"TA","BuiltIn",1999,20.712315177208,"Y",13.856406460551,0,0,0,0,0,"None","None",0,2,2006,"WD","Normal",12.3458345879053
257,"60","Othr",64,93.7603327639146,"Pave","None","IRG","Lvl","AllPub","Inside","Gtl","Somerst","Norm","Norm","1Fam","6","5",2003,2003,"Gable","CompShg","VinylSd","None",0,"Gd","TA","PConc","Gd","TA","No","Rec","Unf",0,19,"GasA","Ex","Y","SBrkr",29.3938769133981,0,0,0,2,1,3,1,"Gd",7,"Typ",0,"None","Attchd",2003,25.9422435421457,"Y",14.6969384566991,7.48331477354788,0,0,0,0,"None","None",0,5,2008,"WD","Normal",12.2428866186529
258,"20","RL",68,93.8829057922687,"Pave","None","Reg","Lvl","AllPub","Inside","Gtl","CollgCr","Norm","Norm","1Fam","7","5",2006,2006,"Gable","CompShg","VinylSd","Stone",180,"Gd","TA","PConc","Gd","TA","No","GLQ","Unf",0,16.431676725155,"GasA","Ex","Y","SBrkr",40.0499687890016,0,1,0,2,1,3,1,"Gd",8,"Typ",1,"Gd","Attchd",2006,25.6904651573303,"Y",11.0905365064094,10.4880884817015,0,0,0,0,"None","None",0,3,2009,"WD","Abnorml",12.3013828253345
259,"60","RL",80,111.512331156693,"Pave","None","Reg","Lvl","AllPub","Inside","Gtl","CollgCr","Norm","Norm","1Fam","7","5",2001,2001,"Gable","CompShg","VinylSd","BrkFace",172,"Gd","TA","PConc","Gd","TA","No","GLQ","Unf",0,24.5356882927706,"GasA","Ex","Y","SBrkr",31.0322412983658,0,0,0,2,1,3,1,"Gd",7,"Typ",1,"TA","Attchd",2001,23.7486841740758,"Y",0,9.79795897113271,0,245,0,0,"None","None",0,5,2008,"WD","Normal",12.3523351525084
260,"20","RM",70,112.703149911615,"Pave","None","Reg","Lvl","AllPub","Inside","Gtl","OldTown","Norm","Norm","1Fam","5","5",1956,1956,"Gable","CompShg","Othr","None",0,"TA","TA","PConc","Othr","Othr","Othr","Othr","Othr",0,0,"GasA","Gd","Y","FuseA",29.698484809835,0,0,0,1,0,2,1,"TA",4,"Typ",0,"None","Detchd",1956,17.5499287747842,"Y",0,6.70820393249937,0,0,0,0,"None","None",0,12,2008,"WD","Normal",11.4824662574855
261,"Othr","RL",120,138.910042833483,"Pave","None","Reg","Lvl","AllPub","Corner","Gtl","NAmes","Othr","Norm","1Fam","6","5",1962,1962,"Gable","CompShg","Wd Sdng","BrkFace",399,"TA","TA","CBlock","TA","TA","Gd","Rec","Othr",26.2678510731274,0,"GasA","TA","Y","SBrkr",37.1752605908822,0,1,0,1,0,3,1,"TA",6,"Typ",1,"TA","Attchd",1991,29.732137494637,"Y",0,0,252,0,0,0,"Othr","None",0,5,2009,"WD","Normal",12.0782392740203
262,"60","RL",69,97.9183333191492,"Pave","None","IRG","Lvl","AllPub","Inside","Gtl","CollgCr","Norm","Norm","1Fam","8","5",2007,2007,"Gable","CompShg","Othr","Stone",270,"Gd","TA","PConc","Ex","TA","No","Unf","Unf",0,38.4967531098403,"GasA","Ex","Y","SBrkr",38.4967531098403,0,0,0,2,1,3,1,"Ex",10,"Typ",1,"Gd","BuiltIn",2007,29.4618397253125,"Y",0,12.1655250605964,0,0,0,0,"None","None",0,11,2007,"New","Partial",12.5281561446993
263,"Othr","RL",88,92.038035615717,"Pave","None","IRG","Lvl","AllPub","Corner","Gtl","Sawyer","Norm","Norm","1Fam","6","7",1977,1995,"Gable","CompShg","HdBoard","BrkFace",46,"TA","TA","CBlock","Gd","Othr","Av","ALQ","Unf",0,0,"GasA","TA","Y","SBrkr",34.8137903710584,0,1,0,1,0,3,1,"TA",6,"Typ",1,"TA","Attchd",1978,22.1810730128188,"Y",17.0880074906351,3.46410161513775,0,0,0,0,"Othr","None",0,7,2006,"WD","Normal",11.9250351157971
264,"50","RM",50,74.1619848709566,"Pave","None","Reg","Lvl","AllPub","Corner","Gtl","OldTown","Norm","Norm","1Fam","5","7",1929,2001,"Gable","CompShg","Wd Sdng","None",0,"TA","TA","BrkTil","TA","TA","No","LwQ","Othr",26.3058928759318,0,"GasA","TA","Y","SBrkr",30.4302481094059,390,1,0,1,0,3,1,"TA",6,"Typ",0,"None","Detchd",1974,22,"Y",0,0,0,0,0,0,"None","None",0,4,2010,"WD","Normal",11.7752897294377
265,"Othr","RM",30,72.3325652801005,"Pave","Othr","IRG","Othr","AllPub","Inside","Gtl","OldTown","Othr","Norm","1Fam","5","5",1925,2004,"Gable","CompShg","Wd Sdng","None",0,"TA","TA","BrkTil","Othr","TA","No","Unf","Unf",0,26.0768096208106,"GasA","Gd","N","Othr",27.6405499221705,0,0,0,1,0,2,1,"TA",4,"Typ",0,"None","Detchd",1965,22.4499443206436,"N",0,0,0,0,0,0,"None","None",0,6,2008,"WD","Normal",11.1982147201305
266,"20","RL",78,109.954536059228,"Pave","None","IRG","Lvl","AllPub","Inside","Gtl","Othr","Norm","Norm","1Fam","6","6",1981,1981,"Gable","CompShg","MetalSd","BrkFace",210,"TA","Gd","CBlock","Gd","TA","No","GLQ","Othr",15.0996688705415,24.6170672501823,"GasA","TA","Y","SBrkr",37.7094152699296,0,0,0,2,0,3,1,"Gd",7,"Typ",1,"TA","Attchd",1981,24,"Y",16.6132477258361,0,0,0,0,0,"Othr","None",0,6,2008,"WD","Normal",12.0753943218881
267,"60","RL",70,105.863119168103,"Pave","None","IRG","Othr","AllPub","Othr","Gtl","Gilbert","Norm","Norm","1Fam","6","5",1997,1997,"Gable","CompShg","VinylSd","None",0,"TA","TA","PConc","Gd","TA","Av","GLQ","Unf",0,9.38083151964686,"GasA","Gd","Y","SBrkr",28.3196045170126,0,1,0,2,1,3,1,"TA",8,"Typ",1,"TA","Attchd",1997,20.3224014329016,"Y",9.74679434480896,8.66025403784439,0,0,0,0,"None","None",0,6,2006,"WD","Normal",12.1281111040605
268,"Othr","RL",60,91.6515138991168,"Pave","None","Reg","Othr","AllPub","Inside","Othr","Othr","Norm","Norm","1Fam","5","Othr",1939,1997,"Gable","CompShg","Wd Sdng","None",0,"TA","TA","PConc","TA","TA","No","LwQ","Unf",0,18.4932420089069,"GasA","Ex","Y","SBrkr",32.4345494804537,420,0,0,2,1,4,1,"Gd",8,"Typ",1,"Gd","Detchd",1939,15.4919333848297,"Y",16.1864140562386,4.89897948556636,0,0,0,0,"None","None",0,7,2008,"WD","Normal",12.0979304869105
269,"Othr","RM",71,83.0662386291807,"Pave","None","Reg","Lvl","AllPub","Inside","Gtl","Othr","Norm","Norm","1Fam","5","6",1940,1955,"Gable","CompShg","VinylSd","None",0,"TA","TA","CBlock","TA","TA","No","ALQ","Othr",11.1803398874989,14.560219778561,"GasA","Ex","Y","SBrkr",27.8926513619627,0,0,0,1,0,2,1,"TA",4,"Typ",1,"Gd","Detchd",1966,30.3973683071413,"Y",0,5,0,0,0,0,"None","None",0,2,2008,"WD","Normal",11.6994050319128
270,"20","RL",64.6099673461139,88.9775252521669,"Pave","None","IRG","Lvl","AllPub","Corner","Gtl","Edwards","Norm","Norm","1Fam","6","7",1976,1976,"Hip","CompShg","HdBoard","BrkFace",174,"TA","Gd","CBlock","TA","Othr","No","BLQ","Unf",0,19.7989898732233,"GasA","TA","Y","SBrkr",33.3616546352246,0,1,0,1,1,3,1,"TA",6,"Typ",1,"Othr","Attchd",1987,22.4499443206436,"Y",19.2353840616713,5.47722557505166,0,0,0,0,"Othr","None",0,5,2007,"WD","Normal",11.9049675527463
271,"60","Othr",84,103.576059009792,"Pave","None","Reg","Lvl","AllPub","Inside","Gtl","Somerst","Norm","Norm","1Fam","8","5",2006,2006,"Gable","CompShg","VinylSd","None",0,"Gd","TA","PConc","Gd","TA","Mn","Unf","Unf",0,33.0907842155486,"GasA","Gd","Y","SBrkr",33.0907842155486,0,0,0,2,1,3,1,"Gd",8,"Typ",1,"Gd","Attchd",2006,32.4499614791759,"Y",13.856406460551,7.14142842854285,0,0,0,0,"None","None",0,8,2006,"New","Partial",12.4912515877638
272,"20","RL",73,197.747313508932,"Pave","None","IRG","Othr","AllPub","CulDSac","Othr","Othr","Norm","Norm","1Fam","7","7",1954,2005,"Othr","Othr","Plywood","None",0,"TA","TA","CBlock","Gd","TA","Gd","LwQ","Othr",32.6036807738022,9.79795897113271,"GasA","Ex","Y","SBrkr",36.9188298839495,0,1,0,1,0,2,1,"TA",5,"Othr",2,"TA","Attchd",1954,20.952326839757,"Y",9,0,0,0,0,0,"None","None",0,4,2008,"WD","Normal",12.3946247520748
273,"60","RL",92,108.46197490365,"Pave","None","IRG","Lvl","AllPub","CulDSac","Gtl","Othr","Norm","Norm","1Fam","8","7",1999,2007,"Gable","CompShg","VinylSd","BrkFace",348,"Gd","TA","PConc","Gd","TA","No","GLQ","Unf",0,25.0599281722833,"GasA","Ex","Y","SBrkr",34.117444218464,0,0,0,2,1,4,1,"Gd",9,"Typ",1,"Gd","Attchd",1999,25.9036676939772,"Y",11.4891252930761,7.54983443527075,0,0,0,0,"None","None",0,4,2010,"WD","Normal",12.5776362019627
274,"20","RL",80,97.9795897113271,"Pave","None","Reg","Lvl","AllPub","Inside","Gtl","NAmes","Feedr","Norm","1Fam","6","6",1958,1988,"Hip","CompShg","Wd Sdng","None",183,"TA","TA","CBlock","TA","TA","No","Rec","Othr",24.8997991959775,0,"GasA","Gd","Y","SBrkr",40.3980197534483,0,1,0,2,0,3,1,"TA",6,"Othr",1,"Gd","Attchd",1958,18.3847763108502,"Y",17,0,0,0,0,0,"MnPrv","None",0,4,2009,"WD","Normal",11.8422292121128
275,"20","RL",76,91.1811384004389,"Pave","None","Reg","Lvl","AllPub","Corner","Gtl","Othr","Norm","Norm","1Fam","5","7",1982,1982,"Gable","CompShg","HdBoard","None",0,"TA","TA","CBlock","TA","TA","Gd","ALQ","Unf",0,16.431676725155,"GasA","TA","Y","SBrkr",28.5657137141714,0,0,0,1,0,2,1,"TA",5,"Typ",0,"None","Attchd",1982,16.2480768092719,"Y",12.9614813968157,0,0,0,0,0,"None","None",0,6,2007,"WD","Normal",11.7320609948869
276,"50","RL",55,85.2291030106501,"Pave","None","Reg","Lvl","AllPub","Inside","Gtl","Othr","Norm","Norm","1Fam","7","7",1925,2007,"Gable","CompShg","Wd Sdng","None",0,"Gd","Gd","BrkTil","TA","TA","No","Unf","Unf",0,30.854497241083,"Othr","Gd","N","SBrkr",30.854497241083,0,0,0,2,1,3,1,"Ex",5,"Typ",0,"None","Detchd",1978,25.9229627936314,"Y",8.60232526704263,0,0,0,144,0,"None","None",0,10,2009,"WD","Normal",12.2307652581205
277,"20","RL",129,95.8957767578948,"Pave","None","IRG","Lvl","AllPub","Inside","Gtl","Othr","Norm","Norm","1Fam","7","5",2003,2003,"Gable","CompShg","VinylSd","None",0,"Gd","TA","PConc","Ex","TA","No","Unf","Unf",0,39.496835316263,"GasA","Ex","Y","SBrkr",39.496835316263,0,0,0,2,0,3,1,"Gd",7,"Typ",0,"None","Attchd",2003,23.9374184071716,"Y",10,12.2474487139159,0,0,0,0,"None","None",0,4,2010,"WD","Normal",12.2110601870412
278,"20","RL",140,138.340160474101,"Pave","None","Reg","Lvl","AllPub","Corner","Gtl","Gilbert","Norm","Norm","1Fam","4","5",1951,1951,"Gable","CompShg","VinylSd","None",0,"TA","TA","CBlock","TA","TA","No","LwQ","Unf",0,27.2763633939717,"GasA","Ex","Y","SBrkr",29.3938769133981,0,0,0,1,0,2,1,"TA",4,"Typ",0,"None","Detchd",1951,20,"Y",0,0,0,0,0,0,"None","None",0,6,2010,"WD","Normal",11.8565151693603
279,"20","RL",107,120.208152801713,"Pave","None","Reg","Lvl","AllPub","Inside","Gtl","NridgHt","Norm","Norm","1Fam","Othr","5",2006,2007,"Gable","CompShg","Othr","BrkFace",315,"Othr","TA","PConc","Ex","TA","Gd","Unf","Unf",0,46.0543157586778,"GasA","Ex","Y","SBrkr",46.0543157586778,0,0,0,2,1,3,1,"Ex",8,"Typ",1,"Othr","Attchd",2007,27.0554985169374,"Y",11.13552872566,9.89949493661167,0,0,142,0,"None","None",0,5,2007,"New","Partial",12.9367516138114
280,"60","RL",83,100.024996875781,"Pave","None","Reg","Lvl","AllPub","Inside","Gtl","Othr","Norm","Norm","1Fam","7","5",1977,1977,"Hip","CompShg","Plywood","BrkFace",299,"TA","TA","CBlock","Gd","TA","No","BLQ","Unf",0,27.712812921102,"GasA","Ex","Y","SBrkr",34,0,0,0,2,1,4,1,"TA",8,"Typ",1,"TA","Attchd",1977,22.4722050542442,"Y",16.9705627484771,10.816653826392,0,0,0,0,"None","None",0,3,2008,"WD","Normal",12.1652506510099
281,"60","RL",82,106.240293674293,"Pave","None","Reg","Lvl","AllPub","Inside","Gtl","Othr","Norm","Norm","1Fam","7","6",1989,1989,"Gable","CompShg","Plywood","BrkFace",340,"Gd","TA","CBlock","Gd","TA","Av","GLQ","Unf",0,19.6468827043885,"GasA","Gd","Y","SBrkr",34.2782730020052,0,0,0,2,1,3,1,"Gd",7,"Typ",1,"TA","Attchd",1989,23.9791576165636,"Y",0,9.16515138991168,0,196,0,0,"None","None",0,1,2007,"WD","Normal",12.3392914893164
282,"20","Othr",60,84.8528137423857,"Pave","Othr","Reg","Lvl","AllPub","Inside","Gtl","Somerst","Norm","Norm","1Fam","6","5",2006,2006,"Gable","CompShg","VinylSd","Stone",68,"Gd","TA","PConc","Gd","TA","No","GLQ","Unf",0,18.8944436276912,"GasA","Gd","Y","SBrkr",35.5246393366632,0,0,0,2,0,2,1,"Gd",5,"Typ",0,"None","Attchd",2006,23.9165214862028,"Y",0,10.9544511501033,0,0,0,0,"None","None",0,5,2006,"New","Partial",12.1281111040605
283,"120","RL",34,71.1547609088809,"Pave","None","Reg","Lvl","AllPub","Inside","Gtl","NridgHt","Norm","Norm","Othr","7","5",2007,2008,"Gable","CompShg","VinylSd","Stone",166,"Gd","TA","PConc","Gd","TA","No","GLQ","Unf",0,20.2484567313166,"GasA","Ex","Y","SBrkr",36.2491379207837,0,1,0,2,0,2,1,"Gd",6,"Typ",1,"Gd","Attchd",2008,25.0199920063936,"Y",13.114877048604,7.87400787401181,0,0,0,0,"None","None",0,4,2009,"Othr","Normal",12.2428866186529
284,"20","RL",74,98.0408078302091,"Pave","None","Reg","Lvl","AllPub","Inside","Gtl","Somerst","Feedr","Norm","1Fam","8","5",2008,2009,"Gable","CompShg","VinylSd","Stone",72,"Gd","TA","PConc","Gd","TA","No","Unf","Unf",0,38.314488121336,"GasA","Ex","Y","SBrkr",38.314488121336,0,0,0,2,0,3,1,"Gd",6,"Typ",1,"Gd","Attchd",2008,29.9666481275434,"Y",14.4913767461894,12.2474487139159,0,0,0,0,"None","None",0,12,2009,"New","Partial",12.4073795022352
285,"120","RL",50,89.509776002401,"Pave","None","Reg","Lvl","AllPub","Inside","Gtl","Othr","Norm","Norm","TwnhsE","6","5",1992,1992,"Gable","CompShg","Plywood","None",0,"Gd","TA","PConc","Gd","TA","No","GLQ","Unf",0,33.8378486313773,"GasA","Gd","Y","SBrkr",39.6862696659689,0,1,0,2,0,2,1,"Gd",5,"Typ",0,"None","Attchd",1992,23,"Y",0,0,52,0,0,0,"None","None",0,7,2007,"WD","Normal",12.096257779523
286,"Othr","Othr",35,65.1996932508122,"Pave","Othr","IRG","Lvl","AllPub","Inside","Gtl","Somerst","Norm","Norm","TwnhsE","7","5",2006,2007,"Gable","CompShg","MetalSd","None",0,"Gd","TA","PConc","Gd","TA","No","Unf","Unf",0,25,"GasA","Ex","Y","SBrkr",25,0,0,0,2,1,2,1,"Gd",5,"Typ",0,"None","Detchd",2006,22.9782505861521,"Y",0,7.34846922834953,0,0,0,0,"None","None",0,6,2007,"New","Partial",12.0118809161657
287,"50","RL",77,98.9242134161298,"Pave","None","IRG","Othr","AllPub","Inside","Gtl","NAmes","Norm","Norm","1Fam","6","7",1962,1981,"Gable","CompShg","Wd Sdng","None",0,"TA","TA","CBlock","TA","TA","No","Rec","Unf",0,17.6635217326557,"GasA","TA","Y","SBrkr",32.9393381840012,0,0,0,1,1,3,1,"Gd",7,"Typ",1,"Gd","Attchd",1962,20.976176963403,"Y",0,0,0,0,128,0,"Othr","None",0,6,2006,"WD","Normal",11.9766594812024
288,"20","RL",65.1575250286268,90.1387818865997,"Pave","None","IRG","Lvl","AllPub","Corner","Gtl","NAmes","Norm","Norm","1Fam","4","Othr",1971,1971,"Gable","CompShg","HdBoard","None",0,"TA","TA","CBlock","TA","TA","No","BLQ","Unf",0,15.6204993518133,"GasA","TA","Y","SBrkr",29.2916370317536,0,0,0,1,0,3,1,"TA",5,"Typ",0,"None","None",1951,0,"Y",0,0,0,0,0,0,"None","None",0,6,2006,"WD","Normal",11.3850920934603
289,"20","RL",69.6169611544771,99.0908673894825,"Pave","None","IRG","Lvl","AllPub","Inside","Gtl","Sawyer","Norm","Norm","1Fam","5","5",1967,1967,"Gable","CompShg","MetalSd","BrkFace",31,"TA","Gd","CBlock","TA","TA","No","BLQ","Unf",0,20.7846096908265,"GasA","TA","Y","SBrkr",30,0,0,0,1,0,3,1,"TA",5,"Typ",0,"None","Detchd",1970,16.7332005306815,"Y",0,0,0,0,0,0,"MnPrv","None",0,2,2010,"WD","Normal",11.7117763237154
290,"Othr","RL",60,93.4344690143846,"Pave","None","Reg","Lvl","AllPub","Inside","Gtl","Othr","Othr","Norm","1Fam","6","7",1915,2003,"Gable","CompShg","Wd Sdng","None",0,"TA","TA","BrkTil","TA","TA","No","Unf","Unf",0,26.4196896272458,"GasA","Ex","Y","FuseA",26.4196896272458,0,0,0,1,0,3,1,"TA",7,"Typ",0,"None","Detchd",2003,19.5959179422654,"Y",0,0,0,0,259,0,"None","None",0,7,2007,"WD","Normal",11.9419443260321
291,"60","RL",120,124.943987450377,"Pave","None","Reg","Lvl","AllPub","Inside","Gtl","CollgCr","Norm","Norm","1Fam","8","5",2006,2006,"Gable","CompShg","VinylSd","None",0,"Gd","TA","PConc","Gd","TA","Av","Unf","Unf",0,32.8481354113137,"GasA","Ex","Y","SBrkr",32.8481354113137,0,0,0,2,1,3,1,"Gd",8,"Typ",1,"Gd","Attchd",2006,26.1725046566048,"Y",0,7.14142842854285,0,0,0,0,"None","None",0,7,2006,"New","Partial",12.3597803701244
292,"Othr","RL",55,75.4122006044115,"Pave","Othr","Reg","Othr","AllPub","Inside","Gtl","Othr","Norm","Norm","Othr","5","6",1912,2000,"Gable","CompShg","VinylSd","None",0,"TA","Othr","PConc","TA","Othr","No","Rec","Unf",0,23.8746727726266,"GasA","Ex","N","SBrkr",30.5941170815567,0,1,0,2,0,6,1,"Othr",9,"Typ",0,"None","None",1999,0,"N",0,13.5646599662505,0,0,0,0,"None","None",0,3,2008,"WD","Normal",11.8196746001392
293,"50","RL",60,106.812920566755,"Pave","None","Reg","Lvl","AllPub","Inside","Gtl","Edwards","Norm","Norm","1Fam","5","Othr",1949,2008,"Gable","CompShg","Wd Sdng","None",0,"TA","TA","CBlock","TA","TA","No","LwQ","Unf",0,21.8174242292714,"GasA","Gd","Y","SBrkr",33.8821486921948,0,0,0,1,1,3,1,"TA",8,"Othr",1,"Gd","Attchd",1949,16.7630546142402,"Y",0,0,0,0,160,0,"None","None",0,1,2009,"WD","Normal",11.7829526021833
294,"60","RL",87.6231849448052,129.069748585794,"Pave","None","IRG","Lvl","AllPub","Corner","Gtl","Othr","Othr","Norm","1Fam","7","7",1977,1994,"Gable","CompShg","Plywood","BrkFace",34,"TA","TA","CBlock","TA","TA","No","ALQ","Unf",0,0,"GasA","Othr","Y","SBrkr",38.314488121336,0,1,0,2,1,3,1,"Gd",9,"Typ",1,"TA","Attchd",1977,23.2163735324878,"Y",0,15.8113883008419,0,0,0,0,"None","None",0,3,2006,"WD","Normal",12.3673407931263
295,"20","RL",80,97.9795897113271,"Pave","None","Reg","Lvl","AllPub","Inside","Gtl","NAmes","Norm","Norm","1Fam","6","5",1953,1953,"Hip","CompShg","HdBoard","Stone",238,"TA","TA","CBlock","TA","TA","No","GLQ","Unf",0,11.4455231422596,"GasA","TA","Y","SBrkr",40.5462698654266,0,1,0,1,0,3,1,"TA",7,"Typ",2,"Gd","Attchd",1953,20.4450483002609,"Y",10.4880884817015,0,0,0,0,0,"None","None",0,10,2009,"WD","Normal",12.0257490913989
296,"Othr","RL",37,89.0898422941695,"Pave","None","IRG","Lvl","AllPub","CulDSac","Gtl","Othr","Norm","Norm","1Fam","6","6",1984,1984,"Gable","CompShg","HdBoard","None",0,"TA","TA","CBlock","TA","TA","Av","GLQ","Unf",0,13.5646599662505,"GasA","TA","Y","SBrkr",31.6701752442262,0,1,0,1,0,3,1,"TA",6,"Typ",0,"None","Detchd",1984,24.2487113059643,"Y",10.9544511501033,0,0,0,0,0,"Othr","None",0,3,2006,"WD","Normal",11.8670972786908
297,"50","RM",75,117.089709197692,"Pave","None","Reg","Lvl","AllPub","Inside","Gtl","Othr","Norm","Norm","1Fam","5","5",1950,1950,"Gable","CompShg","Wd Sdng","None",0,"TA","TA","CBlock","TA","TA","No","BLQ","Unf",0,22.1359436211787,"GasA","TA","Y","FuseA",30.1662062579967,0,0,0,1,1,4,1,"TA",6,"Typ",0,"None","Attchd",1950,16.7928556237467,"Y",17,0,0,0,0,0,"MnPrv","None",0,6,2007,"WD","Normal",11.9316357998284
298,"60","Othr",66,86.0174400921116,"Pave","Othr","IRG","Lvl","AllPub","Inside","Gtl","Somerst","Norm","Norm","1Fam","7","5",1997,1998,"Hip","CompShg","VinylSd","BrkFace",1600,"Gd","TA","PConc","Gd","TA","No","BLQ","Unf",0,18.0554700852678,"GasA","Ex","Y","SBrkr",31.224989991992,0,0,0,2,1,3,1,"Gd",7,"Typ",1,"TA","Detchd",1997,24,"Y",0,3.16227766016838,0,0,198,0,"None","None",0,6,2007,"WD","Normal",12.3842188309136
299,"60","RL",90,108.16653826392,"Pave","None","Reg","Lvl","AllPub","Inside","Gtl","Othr","Norm","Norm","1Fam","6","6",1968,1968,"Othr","CompShg","HdBoard","BrkFace",365,"Gd","TA","CBlock","TA","TA","No","ALQ","Othr",13.228756555323,11.9582607431014,"GasA","Gd","Y","SBrkr",32.2645316098034,0,0,1,1,2,3,1,"TA",7,"Typ",1,"Gd","Attchd",1968,23.2163735324878,"Y",14.9666295470958,0,0,0,0,0,"None","None",0,6,2007,"WD","Normal",12.0725412529057
300,"20","RL",80,118.321595661992,"Pave","None","Reg","Lvl","AllPub","Inside","Gtl","Othr","Norm","Norm","1Fam","6","Othr",1950,2004,"Gable","CompShg","HdBoard","None",0,"TA","Gd","CBlock","TA","TA","No","Unf","Unf",0,33.0454232837166,"GasA","Ex","Y","SBrkr",33.9411254969543,0,0,1,1,0,3,1,"Gd",6,"Typ",1,"Gd","Attchd",1950,17.3205080756888,"Y",0,6,0,0,0,0,"Othr","None",0,8,2009,"WD","Othr",11.9735098722995
301,"Othr","RL",90,125.499003980111,"Pave","None","Reg","Lvl","AllPub","Corner","Gtl","Othr","Norm","Norm","Othr","5","5",1953,1953,"Hip","CompShg","MetalSd","BrkFace",56,"TA","TA","CBlock","TA","TA","Mn","BLQ","Unf",0,18,"GasA","TA","Y","SBrkr",36.5513337649941,0,1,0,1,0,2,1,"TA",5,"Typ",2,"Gd","Attchd",1953,19.3649167310371,"Y",0,0,0,0,0,0,"None","None",0,6,2006,"WD","Normal",11.9640010843304
302,"60","RL",66,127.381317311449,"Pave","None","IRG","Lvl","AllPub","Inside","Gtl","CollgCr","Norm","Norm","1Fam","8","5",1998,1999,"Gable","CompShg","VinylSd","None",0,"Gd","TA","PConc","Gd","TA","No","GLQ","Unf",0,27.3313007374329,"GasA","Ex","Y","SBrkr",34.7850542618522,0,0,0,2,1,4,1,"Gd",9,"Typ",1,"TA","BuiltIn",1998,26.134268690744,"Y",14.422205101856,7.07106781186548,0,0,0,0,"None","None",0,5,2007,"WD","Normal",12.4950039373824
303,"20","RL",118,117.064085013295,"Pave","None","IRG","Lvl","AllPub","Corner","Gtl","CollgCr","Norm","Norm","1Fam","7","5",2001,2002,"Gable","CompShg","VinylSd","BrkFace",150,"Gd","TA","PConc","Gd","TA","No","Unf","Unf",0,39.255572852781,"GasA","Ex","Y","SBrkr",39.255572852781,0,0,0,2,0,3,1,"Gd",6,"Typ",1,"TA","Attchd",2001,29.0344622819159,"Y",21.6333076527839,9,0,0,0,0,"None","None",0,1,2006,"WD","Normal",12.2307652581205
304,"20","RL",70,98.9949493661167,"Pave","None","Reg","Lvl","AllPub","Corner","Gtl","CollgCr","Norm","Norm","1Fam","5","7",1972,1972,"Gable","CompShg","VinylSd","None",0,"TA","TA","PConc","TA","TA","No","ALQ","Unf",0,0,"GasA","TA","Y","SBrkr",29.8998327754521,0,1,0,1,0,3,1,"TA",5,"Typ",0,"None","Attchd",1975,23.4946802489415,"Y",16,0,0,0,0,0,"Othr","None",0,7,2006,"WD","Abnorml",11.9177236840907
305,"Othr","RM",87,135.594985158006,"Pave","None","Reg","Lvl","AllPub","Inside","Gtl","OldTown","Norm","Norm","1Fam","7","Othr",1880,2002,"Gable","CompShg","Othr","None",0,"TA","TA","BrkTil","TA","TA","No","Unf","Unf",0,38.3405790253616,"GasA","Ex","Y","SBrkr",40.9267638593622,0,0,0,3,0,3,1,"Gd",10,"Typ",1,"Othr","Attchd",2003,29.4957624075053,"Y",17.3781471969828,0,0,0,0,0,"None","None",0,5,2008,"WD","Normal",12.594730635322
306,"20","RL",80,101.911726508778,"Pave","None","Reg","Lvl","AllPub","Inside","Gtl","CollgCr","Norm","Norm","1Fam","8","5",2004,2005,"Gable","CompShg","Othr","Stone",246,"Gd","TA","PConc","Gd","TA","No","GLQ","Unf",0,23.1516738055805,"GasA","Ex","Y","SBrkr",44.7213595499958,0,1,0,2,0,3,1,"Gd",8,"Typ",0,"None","Attchd",2004,29.7993288515027,"Y",12.9614813968157,0,0,0,0,0,"None","None",0,7,2007,"WD","Normal",12.631013530139
307,"60","RL",116,116.077560277601,"Pave","None","Reg","Lvl","AllPub","Inside","Gtl","Othr","Feedr","Norm","1Fam","7","5",1990,1991,"Gable","CompShg","HdBoard","BrkFace",246,"Gd","TA","CBlock","Gd","TA","No","ALQ","Unf",0,0,"GasA","Gd","Y","SBrkr",33.4962684488885,0,1,0,2,1,4,1,"Gd",8,"Typ",1,"TA","Attchd",1990,27.3130005674953,"Y",11.2694276695846,6.6332495807108,224,0,0,0,"None","None",0,6,2007,"WD","Normal",12.3238556811866
308,"50","RM",64.6178648126887,88.994381845148,"Pave","Othr","IRG","Lvl","AllPub","Inside","Gtl","Othr","Othr","Norm","1Fam","6","7",1920,1950,"Gable","CompShg","MetalSd","None",0,"TA","Othr","CBlock","TA","TA","No","Unf","Unf",0,17.8605710994918,"GasA","TA","Y","FuseA",32.1714158842908,0,0,0,1,0,3,1,"Othr",6,"Typ",0,"None","None",1957,0,"N",0,12,0,0,0,0,"MnPrv","None",0,3,2008,"WD","Normal",11.4019939042629
309,"Othr","RL",76.2587305438043,111.094554321983,"Pave","None","IRG","Lvl","AllPub","Inside","Gtl","Edwards","Norm","Norm","1Fam","4","5",1940,1950,"Gable","CompShg","VinylSd","None",0,"TA","TA","CBlock","TA","TA","No","BLQ","Unf",0,24.4744765010408,"GasA","Ex","Y","SBrkr",29.3428015022424,0,0,0,1,0,1,1,"TA",4,"Typ",0,"None","Detchd",1961,23.2163735324878,"Y",12.5698050899765,0,0,0,0,0,"None","None",0,3,2009,"WD","Normal",11.3205535723228
310,"20","RL",90,111.256460486571,"Pave","None","IRG","Lvl","AllPub","Inside","Gtl","NridgHt","Norm","Norm","1Fam","Othr","5",2003,2004,"Gable","CompShg","VinylSd","None",0,"Gd","TA","PConc","Ex","TA","Gd","GLQ","Unf",0,24.9399278266799,"GasA","Ex","Y","SBrkr",44.0908153700972,0,1,0,2,0,3,1,"Ex",8,"Typ",3,"Othr","Attchd",2003,26.6082693913001,"Y",14.422205101856,13.228756555323,0,0,0,0,"None","None",0,11,2006,"WD","Normal",12.7938593104323
311,"60","RL",63.9992299310034,87.6641317757725,"Pave","None","IRG","Lvl","AllPub","Inside","Gtl","Gilbert","Norm","Norm","1Fam","6","5",1993,1994,"Gable","CompShg","HdBoard","BrkFace",112,"TA","TA","PConc","Gd","TA","No","ALQ","Unf",0,13.3790881602597,"GasA","Gd","Y","SBrkr",26.4007575648882,0,0,0,2,1,3,1,"Gd",6,"Typ",1,"TA","Attchd",1993,20.4939015319192,"Y",13.7840487520902,7.93725393319377,0,0,0,0,"None","None",0,5,2006,"WD","Normal",12.0173305209333
312,"20","RL",50,89.4427190999916,"Pave","None","Reg","Lvl","AllPub","Inside","Gtl","NAmes","Norm","Norm","1Fam","6","6",1948,2002,"Gable","CompShg","VinylSd","None",0,"TA","Gd","CBlock","TA","TA","No","ALQ","Unf",0,17.0880074906351,"GasA","Ex","Y","SBrkr",31.1769145362398,0,1,0,1,0,2,1,"TA",5,"Typ",1,"Gd","Detchd",1948,15.4919333848297,"Y",0,0,0,0,0,0,"None","None",0,5,2009,"WD","Normal",11.7905572015685
313,"Othr","RM",65,88.3176086632785,"Pave","None","Reg","Lvl","AllPub","Inside","Gtl","OldTown","Othr","Norm","Othr","5","7",1939,1950,"Gable","CompShg","MetalSd","None",0,"TA","TA","CBlock","Gd","TA","Mn","Rec","Unf",0,16.9115345252878,"GasA","TA","Y","SBrkr",28.1602556806574,0,1,0,1,0,3,1,"TA",5,"Typ",1,"Gd","Detchd",1939,20.2484567313166,"Y",0,0,0,0,271,0,"MnPrv","None",0,5,2006,"WD","Normal",11.6944133410156
314,"20","RL",150,463.945039848472,"Pave","None","IRG","Othr","AllPub","Inside","Othr","Othr","Norm","Norm","1Fam","7","5",1965,1965,"Hip","CompShg","Othr","None",0,"TA","TA","CBlock","Gd","TA","Gd","ALQ","Othr",28.6356421265527,8.94427190999916,"Othr","TA","Y","SBrkr",45.1220566907139,0,2,0,2,0,3,1,"TA",8,"Typ",2,"Gd","Attchd",1965,22.6495033058122,"Y",0,0,0,0,0,0,"None","None",0,6,2009,"WD","Normal",12.8346813049525
315,"Othr","RM",60,97.9795897113271,"Pave","Othr","Reg","Lvl","AllPub","Inside","Gtl","OldTown","Norm","Norm","1Fam","7","7",1925,1990,"Gable","CompShg","Wd Sdng","None",0,"TA","TA","BrkTil","TA","Othr","No","LwQ","Unf",0,26.6833281282527,"GasA","Ex","Y","SBrkr",28.8444102037119,0,0,1,1,1,3,1,"Ex",6,"Typ",1,"Gd","Detchd",1925,23.3666428910958,"Y",0,0,234,0,0,0,"None","None",0,8,2006,"WD","Normal",12.0895388292742
316,"60","RL",71,88.289297199604,"Pave","None","IRG","Lvl","AllPub","Inside","Gtl","Gilbert","Norm","Norm","1Fam","7","5",2004,2005,"Gable","CompShg","VinylSd","None",0,"Gd","TA","PConc","Gd","TA","No","GLQ","Unf",0,17.058722109232,"GasA","Ex","Y","SBrkr",26.7581763205193,0,1,0,2,1,3,1,"Gd",6,"Typ",1,"Gd","Attchd",2004,20.7846096908265,"Y",10,7.14142842854285,0,0,0,0,"None","None",0,7,2009,"WD","Normal",12.1468532858702
317,"60","RL",94,114.039466852489,"Pave","None","IRG","Lvl","AllPub","Corner","Gtl","Othr","Norm","Norm","1Fam","7","7",1980,1980,"Gable","CompShg","Othr","BrkFace",278,"Gd","TA","CBlock","Gd","TA","No","GLQ","Unf",0,12.369316876853,"GasA","TA","Y","SBrkr",33.9558536926993,0,1,0,2,1,4,1,"Ex",10,"Typ",1,"TA","Attchd",1983,22,"Y",16.9705627484771,13.9642400437689,0,0,0,0,"Othr","None",0,8,2009,"WD","Normal",12.4684369099977
318,"60","Othr",75,94.8683298050514,"Pave","None","Reg","Lvl","AllPub","Inside","Gtl","Somerst","Norm","Norm","1Fam","8","5",2006,2006,"Gable","CompShg","VinylSd","None",0,"Gd","TA","PConc","Gd","TA","Av","Unf","Unf",0,32.9848450049413,"GasA","Ex","Y","SBrkr",32.9848450049413,0,0,0,2,1,3,1,"Gd",8,"Typ",1,"Gd","Attchd",2006,32.0156211871642,"Y",14.422205101856,6.78232998312527,0,0,0,0,"None","None",0,12,2007,"WD","Normal",12.5061772379805
319,"60","RL",90,99.498743710662,"Pave","None","Reg","Othr","AllPub","Inside","Othr","Othr","Norm","Norm","1Fam","7","5",1993,1993,"Gable","CompShg","HdBoard","BrkFace",256,"Gd","TA","PConc","Gd","TA","Gd","GLQ","Unf",0,18.9736659610103,"GasA","Ex","Y","SBrkr",37.0405183549043,0,1,0,2,1,4,1,"Gd",9,"Typ",1,"TA","Attchd",1993,25.6124969497314,"Y",18.4390889145858,7.74596669241483,144,0,0,0,"None","None",0,4,2009,"WD","Normal",12.4684369099977
320,"Othr","RL",80.9261332894551,118.806565475145,"Pave","None","Reg","Lvl","AllPub","Inside","Gtl","Othr","Norm","Norm","1Fam","7","5",1980,1980,"Gable","CompShg","Plywood","BrkFace",225,"TA","TA","CBlock","Gd","TA","Av","GLQ","Unf",0,18.3303027798234,"GasA","TA","Y","SBrkr",38.3666521865018,0,1,0,2,0,3,1,"TA",6,"Typ",2,"TA","Attchd",1980,24.2487113059643,"Y",15.2643375224737,6.92820323027551,0,0,0,0,"None","None",0,6,2009,"WD","Normal",12.1415341243926
321,"60","RL",111,127.51078385768,"Pave","None","Reg","Lvl","AllPub","Corner","Gtl","NridgHt","Norm","Norm","1Fam","Othr","5",2006,2006,"Gable","CompShg","VinylSd","Stone",370,"TA","TA","PConc","Ex","Othr","Av","Unf","Unf",0,35.3411940941446,"GasA","Ex","Y","SBrkr",35.3411940941446,0,0,0,3,1,4,1,"Gd",9,"Typ",0,"None","Attchd",2006,28.9827534923789,"Y",15.4919333848297,12.4096736459909,0,0,0,0,"None","None",0,9,2006,"New","Partial",12.7444443677961
322,"60","RL",99,109.995454451536,"Pave","None","IRG","Lvl","AllPub","Inside","Gtl","NridgHt","Norm","Norm","1Fam","8","5",2004,2004,"Gable","CompShg","VinylSd","BrkFace",388,"Gd","TA","PConc","Ex","TA","Av","GLQ","Unf",0,12.8840987267251,"GasA","Ex","Y","SBrkr",33.7045990927054,0,1,0,2,1,4,1,"Gd",10,"Typ",1,"Gd","BuiltIn",2004,29.5296461204668,"Y",13.5646599662505,12.4096736459909,0,0,0,0,"None","None",0,6,2007,"WD","Normal",12.7770521921159
323,"60","RL",86,101.8822850156,"Pave","None","IRG","Lvl","AllPub","Inside","Gtl","Othr","Norm","Norm","1Fam","7","5",1986,1987,"Gable","CompShg","Plywood","BrkFace",172,"Gd","TA","CBlock","TA","TA","Gd","LwQ","Othr",38.3927076409049,0,"GasA","Ex","Y","SBrkr",39.4081209904761,0,1,0,2,1,4,1,"Gd",8,"Typ",1,"TA","Attchd",1987,24,"Y",14.1774468787578,9.79795897113271,0,0,0,0,"MnPrv","None",0,8,2007,"WD","Normal",12.614865543731
324,"20","RM",49,76.2889244910426,"Pave","None","Reg","Lvl","AllPub","Inside","Gtl","OldTown","Norm","Norm","1Fam","Othr","Othr",1955,2005,"Gable","CompShg","VinylSd","None",0,"TA","Gd","CBlock","TA","TA","No","ALQ","Unf",0,30.0998338865848,"GasA","Ex","Y","SBrkr",34.1027858099599,0,1,0,1,0,3,1,"TA",6,"Typ",0,"None","Attchd",1955,14.8323969741913,"Y",11.916375287813,9.89949493661167,0,0,0,0,"None","None",0,7,2006,"WD","Normal",11.7454251112085
325,"Othr","RL",96,106.183802907977,"Pave","None","Reg","Lvl","AllPub","Corner","Gtl","NAmes","Othr","Norm","1Fam","7","7",1967,2007,"Othr","Othr","Wd Sdng","BrkFace",300,"Gd","Gd","CBlock","Gd","TA","No","Unf","Unf",0,26.6458251889485,"GasA","Ex","Y","SBrkr",43.5660418215839,0,0,0,2,1,5,1,"Gd",11,"Typ",1,"Gd","BuiltIn",1961,23.7486841740758,"Y",15.4919333848297,0,0,0,0,0,"None","None",0,6,2010,"WD","Normal",12.3966930051388
326,"Othr","RM",50,70.7106781186548,"Pave","None","Reg","Lvl","AllPub","Inside","Gtl","Othr","Othr","Norm","1Fam","5","6",1941,1950,"Gable","CompShg","MetalSd","None",0,"TA","TA","CBlock","TA","TA","Av","BLQ","Unf",0,24.576411454889,"GasA","Othr","N","Othr",28.3372546306095,0,0,0,1,0,2,1,"TA",5,"Typ",0,"None","Detchd",1941,18.9736659610103,"Y",0,0,244,0,0,0,"None","None",0,12,2007,"WD","Normal",11.3736633976367
327,"120","RL",32,104.144130895601,"Pave","None","IRG","Lvl","AllPub","CulDSac","Gtl","Othr","Norm","Norm","TwnhsE","8","5",1993,1993,"Gable","CompShg","Othr","None",0,"Gd","TA","PConc","Gd","TA","Gd","GLQ","Unf",0,10,"GasA","Ex","Y","SBrkr",41.4608248832558,0,2,0,1,1,1,1,"Gd",6,"Typ",2,"Gd","Attchd",1993,21.7485631709315,"Y",11.0453610171873,5.47722557505166,0,0,0,0,"None","None",0,5,2008,"Othr","Normal",12.6884987947745
328,"20","RL",80,107.70329614269,"Pave","None","Reg","Lvl","AllPub","Inside","Gtl","NAmes","Norm","Norm","1Fam","6","5",1960,1960,"Hip","CompShg","Wd Sdng","BrkFace",175,"TA","TA","CBlock","TA","TA","No","Rec","Unf",0,28.6006992921502,"GasA","TA","Y","SBrkr",37.1887079635741,0,0,0,1,1,3,1,"TA",7,"Typ",0,"None","Attchd",1960,17.0880074906351,"Y",0,6.70820393249937,0,0,0,0,"None","None",0,4,2006,"WD","Normal",11.8862116747142
329,"Othr","RL",75.0635806021656,109.032105363512,"Pave","Othr","IRG","Othr","AllPub","Inside","Gtl","Othr","Othr","Norm","1Fam","6","6",1916,1994,"Gable","CompShg","Wd Sdng","None",0,"TA","TA","BrkTil","TA","TA","No","Unf","Unf",0,29.0516780926679,"GasA","Gd","N","FuseA",38.0131556174964,0,0,0,2,0,5,1,"Gd",10,"Typ",0,"None","Detchd",1930,21,"Y",0,7.74596669241483,268,0,0,0,"None","None",0,7,2009,"WD","Normal",12.2760650173502
330,"Othr","RM",60,80.0124990235901,"Pave","None","Reg","Lvl","AllPub","Corner","Gtl","Othr","Norm","Norm","1Fam","5","5",1920,1950,"Gable","CompShg","Wd Sdng","None",0,"TA","TA","PConc","TA","TA","Mn","Unf","Unf",0,24.4131112314674,"GasA","TA","N","SBrkr",24.4131112314674,0,0,0,1,0,3,1,"TA",6,"Typ",0,"None","Detchd",1920,13.7477270848675,"N",0,0,137,0,0,0,"Othr","None",0,7,2009,"WD","Normal",11.2644641056717
331,"Othr","RL",71.7361146853564,103.072789813801,"Pave","None","IRG","Lvl","AllPub","Inside","Gtl","NAmes","Norm","Norm","Othr","5","Othr",1964,1964,"Gable","CompShg","HdBoard","BrkFace",84,"TA","TA","CBlock","TA","TA","No","GLQ","Othr",16.2480768092719,37.7359245282264,"GasA","TA","Y","SBrkr",41.5692193816531,0,0,1,2,0,6,2,"TA",10,"Typ",0,"None","Detchd",2002,18.7616630392937,"Y",12.4498995979887,0,0,0,0,0,"None","None",0,11,2007,"WD","Normal",11.6868787720937
332,"20","RL",70,90.4212364436585,"Pave","None","Reg","Lvl","AllPub","Inside","Gtl","NAmes","Norm","Norm","1Fam","5","6",1958,1992,"Gable","CompShg","Wd Sdng","None",0,"TA","TA","CBlock","TA","TA","No","Rec","Unf",0,14.4913767461894,"GasA","Othr","Y","SBrkr",32.4961536185438,0,1,0,1,0,3,1,"TA",6,"Typ",0,"None","Attchd",1958,17.5499287747842,"Y",0,0,0,0,0,0,"None","None",0,8,2007,"WD","Normal",11.8422292121128
333,"20","RL",85,103.223059439255,"Pave","None","IRG","Lvl","AllPub","Inside","Gtl","NridgHt","Norm","Norm","1Fam","8","5",2003,2004,"Gable","CompShg","VinylSd","BrkFace",296,"Gd","TA","PConc","Gd","TA","No","GLQ","Othr",21.8860686282393,40.0374824383352,"GasA","Ex","Y","SBrkr",40.3608721412211,0,1,0,2,0,3,1,"Gd",7,"Typ",1,"Gd","Attchd",2003,29.6647939483827,"Y",0,0,0,0,0,0,"None","None",0,10,2009,"WD","Normal",12.5567295171433
334,"120","RM",59,90.5428075553216,"Pave","None","Reg","Lvl","AllPub","Othr","Gtl","NridgHt","Norm","Norm","TwnhsE","7","5",2004,2004,"Gable","CompShg","VinylSd","Stone",146,"Gd","TA","PConc","Gd","TA","Av","GLQ","Unf",0,25.2586618806302,"GasA","Ex","Y","SBrkr",36.8510515453766,0,1,0,2,0,2,1,"Gd",6,"Typ",1,"Gd","Attchd",2004,22,"Y",13.856406460551,5.47722557505166,0,0,0,0,"None","None",0,7,2008,"WD","Normal",12.2404740722475
335,"60","RL",59,95.0894315894253,"Pave","None","IRG","Lvl","AllPub","Inside","Gtl","Gilbert","Norm","Norm","1Fam","6","5",1998,1998,"Gable","CompShg","VinylSd","None",0,"TA","TA","PConc","Gd","TA","Gd","GLQ","Unf",0,10.7238052947636,"GasA","Gd","Y","SBrkr",30.7083050655682,0,1,0,2,1,3,1,"TA",7,"Typ",2,"TA","Attchd",1998,21.7255609824004,"Y",10,6.16441400296898,0,0,0,0,"None","None",0,7,2008,"WD","Normal",12.1652506510099
336,"Othr","RL",477.234168452459,405.78319334344,"Othr","None","IRG","Othr","AllPub","Corner","Othr","Othr","Norm","Norm","Othr","5","6",1965,1965,"Gable","CompShg","Plywood","None",0,"TA","TA","CBlock","TA","TA","Gd","ALQ","Othr",12.1243556529821,10.1488915650922,"GasA","Ex","Y","SBrkr",40.2367990774614,0,2,0,2,0,3,1,"TA",7,"Typ",2,"Gd","Attchd",1965,23,"Y",25.8843582110896,0,0,0,0,0,"None","Othr",700,8,2008,"WD","Normal",12.3412589180852
337,"20","RL",86,118.983192090312,"Pave","None","IRG","Othr","AllPub","Corner","Gtl","Othr","Norm","Norm","1Fam","Othr","5",2005,2006,"Hip","CompShg","VinylSd","Stone",200,"Gd","TA","PConc","Ex","TA","Gd","GLQ","Unf",0,25.9422435421457,"GasA","Ex","Y","SBrkr",43.8406204335659,0,1,0,2,0,3,1,"Gd",8,"Typ",1,"Gd","Attchd",2005,26,"Y",13.3416640641263,7.14142842854285,0,0,0,0,"None","None",0,7,2007,"WD","Normal",12.8411298019654
338,"20","RL",70,95.5771939324439,"Pave","None","Reg","Lvl","AllPub","Inside","Gtl","CollgCr","Norm","Norm","1Fam","7","5",2002,2003,"Gable","CompShg","VinylSd","BrkFace",113,"Gd","TA","PConc","Gd","TA","Av","GLQ","Unf",0,26.944387170615,"GasA","Ex","Y","SBrkr",39.1918358845308,0,1,0,2,0,3,1,"Gd",7,"Typ",0,"None","Attchd",2002,23.0651251893416,"Y",13.856406460551,8.60232526704263,0,0,0,0,"None","None",0,12,2008,"WD","Normal",12.273731294004
339,"20","RL",91,118.932754109202,"Pave","None","Reg","Lvl","AllPub","Corner","Gtl","Othr","Norm","Norm","1Fam","7","7",1984,1998,"Gable","CompShg","Wd Sdng","None",0,"Gd","TA","CBlock","Gd","TA","Mn","ALQ","Unf",0,31.543620591175,"GasA","Ex","Y","SBrkr",40.2616442783948,0,1,0,2,0,3,1,"Gd",8,"Typ",0,"None","Attchd",1984,20.976176963403,"Y",10.3923048454133,6.70820393249937,0,0,0,0,"None","Othr",400,5,2006,"WD","Normal",12.2184951655287
340,"20","RL",66,111.3552872566,"Pave","None","IRG","Lvl","AllPub","Inside","Gtl","NAmes","Feedr","Norm","1Fam","6","7",1958,1998,"Hip","CompShg","Wd Sdng","BrkFace",176,"TA","TA","CBlock","TA","Othr","No","Rec","Unf",0,25.0998007960223,"GasA","TA","Y","FuseA",34.8568501158667,0,0,0,1,0,3,1,"TA",6,"Typ",0,"None","Attchd",1958,17.2336879396141,"Y",0,0,0,0,234,0,"None","None",0,6,2009,"WD","Normal",11.9511803959014
341,"60","RL",85,119.12598373151,"Pave","None","Reg","Lvl","AllPub","Inside","Gtl","Othr","Norm","Norm","1Fam","8","5",2002,2002,"Gable","CompShg","VinylSd","None",0,"Gd","TA","PConc","Gd","TA","No","Unf","Unf",0,31.0966236109324,"GasA","Ex","Y","SBrkr",31.5119025131775,0,0,0,2,1,4,1,"Gd",9,"Typ",0,"None","Attchd",2002,20.7605394920267,"Y",11.6189500386223,0,0,0,0,0,"None","None",0,4,2010,"WD","Normal",12.2204685258139
342,"20","Othr",60,91.6515138991168,"Pave","None","Reg","Lvl","AllPub","Inside","Gtl","Othr","Feedr","Norm","1Fam","4","Othr",1950,1950,"Gable","CompShg","Wd Sdng","None",0,"Othr","Othr","CBlock","TA","Othr","No","Unf","Unf",0,26.8514431641951,"GasA","Gd","Y","SBrkr",29,0,0,0,1,0,2,1,"TA",4,"Typ",0,"None","Othr",1950,17.1464281994822,"N",15.8113883008419,0,24,0,0,0,"None","None",0,9,2009,"WD","Normal",11.3144745262464
343,"Othr","RL",66.2605378602273,92.4337600663307,"Pave","None","Reg","Lvl","AllPub","Inside","Gtl","NAmes","Norm","Norm","Othr","Othr","Othr",1949,1950,"Gable","CompShg","Othr","BrkFace",340,"TA","TA","Othr","Othr","Othr","Othr","Othr","Othr",0,0,"Othr","Othr","N","FuseA",32.2490309931942,0,0,0,2,0,2,2,"TA",6,"Typ",0,"None","Detchd",1949,20,"Y",0,0,0,0,0,0,"None","None",0,5,2006,"WD","Normal",11.3793940723457
344,"120","RL",63,94.0691235209513,"Pave","None","IRG","Lvl","AllPub","Inside","Gtl","NridgHt","Norm","Norm","TwnhsE","Othr","5",2005,2005,"Hip","CompShg","MetalSd","BrkFace",616,"Othr","TA","PConc","Ex","TA","No","GLQ","Unf",0,40.6939798987516,"GasA","Ex","Y","SBrkr",41.0365690573664,0,0,0,2,0,2,1,"Ex",6,"Typ",1,"Othr","Attchd",2005,23.7486841740758,"Y",22.248595461287,8.48528137423857,0,0,0,0,"None","None",0,7,2008,"WD","Normal",12.4912515877638
345,"Othr","RM",36,50.9116882454314,"Pave","None","Reg","Lvl","AllPub","Inside","Gtl","Othr","Norm","Norm","TwnhsE","5","Othr",1976,1976,"Gable","CompShg","Othr","None",0,"TA","TA","CBlock","Gd","TA","No","Rec","Othr",15.2315462117278,13.228756555323,"GasA","TA","Y","SBrkr",23.1516738055805,0,0,0,1,1,3,1,"TA",4,"Typ",0,"None","Attchd",1976,18.3303027798234,"Y",13.490737563232,0,0,0,0,0,"None","None",0,4,2010,"WD","Normal",11.3504065354725
346,"50","RL",65,80.2184517427256,"Pave","None","Reg","Lvl","AllPub","Inside","Gtl","Othr","Othr","Norm","1Fam","6","5",1939,1950,"Gable","CompShg","MetalSd","None",0,"TA","TA","BrkTil","TA","TA","No","Unf","Unf",0,31.1769145362398,"GasA","Gd","Y","SBrkr",31.1769145362398,0,0,0,1,0,3,1,"Othr",6,"Typ",1,"Gd","Detchd",1939,17.6635217326557,"Y",0,0,0,0,0,0,"None","None",0,10,2006,"WD","Normal",11.8508252535826
347,"20","RL",77.3907007528454,113.013273556693,"Pave","None","IRG","Lvl","AllPub","CulDSac","Gtl","NAmes","Norm","Norm","1Fam","6","Othr",1960,1998,"Hip","CompShg","MetalSd","None",0,"TA","Gd","CBlock","TA","TA","Mn","BLQ","Unf",0,21.4476105895272,"GasA","TA","Y","SBrkr",30.9515750810843,0,0,0,1,0,2,1,"TA",5,"Typ",0,"None","Attchd",1960,17.3493515728975,"Y",0,0,0,0,0,0,"None","Othr",15500,4,2007,"WD","Normal",11.9283409039316
348,"20","RL",90.1003569604045,132.664991614216,"Pave","None","IRG","Lvl","AllPub","Inside","Gtl","NAmes","Norm","Norm","1Fam","6","5",1960,1960,"Gable","CompShg","Wd Sdng","BrkFace",30,"TA","TA","CBlock","TA","TA","No","BLQ","Unf",0,14.422205101856,"GasA","Ex","Y","FuseA",38.4447655734822,0,1,0,2,0,3,1,"TA",6,"Typ",2,"Gd","Attchd",1960,22.3159136044214,"Y",0,6.32455532033676,0,0,0,0,"None","None",0,12,2009,"WD","Normal",11.9671807372478
349,"Othr","RL",36,49.4772675074119,"Pave","None","Reg","Lvl","AllPub","Inside","Gtl","NridgHt","Norm","Norm","Othr","7","5",2003,2004,"Gable","CompShg","VinylSd","Stone",106,"Gd","TA","PConc","Gd","TA","No","GLQ","Unf",0,13.8202749610853,"GasA","Ex","Y","SBrkr",27.6405499221705,0,1,0,2,1,2,1,"Gd",6,"Typ",0,"None","BuiltIn",2003,21.7715410570772,"Y",0,5.19615242270663,0,0,0,0,"None","None",0,10,2008,"WD","Normal",11.9447078813958
350,"60","RL",56,142.937049081055,"Pave","None","IRG","Lvl","AllPub","Inside","Gtl","NridgHt","Norm","Norm","1Fam","Othr","5",2005,2006,"Hip","CompShg","Othr","BrkFace",870,"Othr","TA","PConc","Ex","TA","No","GLQ","Unf",0,20.9284495364563,"GasA","Ex","Y","SBrkr",42.9883705204094,0,1,0,2,1,4,1,"Ex",10,"Typ",2,"Othr","Attchd",2006,26.5706605111728,"Y",0,0,0,0,0,0,"None","None",0,4,2006,"New","Partial",12.9880408147445
351,"120","RL",68,88.4307638777366,"Pave","None","IRG","Lvl","AllPub","Inside","Gtl","NridgHt","Norm","Norm","TwnhsE","Othr","5",2007,2007,"Hip","CompShg","MetalSd","BrkFace",362,"Othr","TA","PConc","Ex","TA","No","Unf","Unf",0,43.2319326424346,"GasA","Ex","Y","SBrkr",43.2319326424346,0,0,0,2,0,2,1,"Ex",6,"Typ",1,"Gd","Attchd",2007,24.8394846967484,"Y",14.4913767461894,7.34846922834953,0,0,0,0,"None","None",0,12,2007,"New","Partial",12.6699984672658
352,"120","RL",57.6444018272238,72.6016528737466,"Pave","None","IRG","Othr","AllPub","Inside","Othr","Othr","Norm","Norm","1Fam","7","5",1986,1986,"Gable","CompShg","Wd Sdng","None",0,"TA","TA","PConc","Gd","TA","Gd","GLQ","Unf",0,19.2613602842582,"GasA","Gd","Y","SBrkr",38.1182371050918,0,1,0,1,1,2,1,"Gd",6,"Typ",1,"TA","Attchd",1986,21.095023109729,"Y",0,8.94427190999916,0,0,184,0,"None","None",0,12,2006,"WD","Abnorml",12.1547793511426
353,"50","RL",60,95.3100204595508,"Pave","None","Reg","Lvl","AllPub","Inside","Gtl","Edwards","Othr","Norm","1Fam","5","6",1941,1950,"Gable","CompShg","VinylSd","None",0,"TA","TA","CBlock","TA","Othr","Mn","LwQ","Othr",19.4935886896179,0,"GasA","TA","N","SBrkr",24.8193472919817,0,0,1,1,0,3,1,"TA",5,"Typ",0,"None","Detchd",1941,14.142135623731,"Y",6.92820323027551,0,0,0,0,0,"None","None",0,3,2008,"Othr","Normal",11.4616321705827
354,"Othr","RM",60,92.3038460737146,"Pave","None","Reg","Lvl","AllPub","Inside","Gtl","OldTown","Norm","Norm","1Fam","6","Othr",1928,2003,"Gable","CompShg","VinylSd","None",0,"TA","Gd","BrkTil","TA","TA","No","Unf","Unf",0,24.9799919935936,"GasA","Gd","Y","SBrkr",26.8328157299975,0,0,0,1,0,2,1,"TA",5,"Typ",0,"None","Detchd",2005,22,"Y",10.295630140987,0,0,0,0,0,"None","None",0,5,2010,"WD","Normal",11.5702505315895
355,"50","RL",60,91.6515138991168,"Pave","None","Reg","Othr","AllPub","Inside","Gtl","Othr","Norm","Norm","1Fam","6","5",1940,2000,"Gable","CompShg","Wd Sdng","None",0,"TA","TA","CBlock","TA","TA","No","LwQ","Unf",0,23.4946802489415,"GasA","Ex","Y","SBrkr",34.5253530032641,0,0,0,1,0,2,1,"TA",6,"Typ",2,"Gd","Attchd",1940,15.4919333848297,"Y",0,0,108,0,0,0,"None","None",0,6,2006,"WD","Normal",11.8493977015914
356,"20","RL",105,106.061303028013,"Pave","None","IRG","Lvl","AllPub","Inside","Gtl","CollgCr","Norm","Norm","1Fam","6","5",1995,1995,"Gable","CompShg","VinylSd","None",0,"Gd","Gd","PConc","Gd","Othr","No","ALQ","Othr",23.3238075793812,17.9443584449264,"GasA","Ex","Y","SBrkr",34.6410161513775,0,1,0,2,0,3,1,"Gd",6,"Typ",0,"None","Attchd",1995,22.8254244210267,"Y",0,5.09901951359278,0,0,0,0,"None","None",0,8,2007,"WD","Normal",12.0867258878976
357,"20","RL",68.1138100164249,96.1665222413705,"Pave","None","IRG","Lvl","AllPub","Inside","Gtl","Gilbert","Norm","Norm","1Fam","6","6",1992,1992,"Gable","CompShg","HdBoard","BrkFace",106,"TA","TA","PConc","Gd","TA","No","GLQ","Unf",0,24.454038521275,"GasA","Gd","Y","SBrkr",34.1613817050774,0,1,0,2,0,3,1,"Gd",6,"Typ",0,"None","Attchd",1992,20,"Y",10.9544511501033,5.09901951359278,0,0,0,0,"None","None",0,7,2009,"WD","Normal",12.0610468734799
358,"120","RM",44,64.9923072370877,"Pave","None","Reg","Lvl","AllPub","Inside","Gtl","Othr","Norm","Norm","TwnhsE","5","5",1976,1976,"Gable","CompShg","Othr","None",0,"TA","TA","PConc","Gd","TA","No","ALQ","Unf",0,16.3707055437449,"GasA","TA","Y","SBrkr",33.7934904974316,0,1,0,1,1,3,1,"TA",6,"Typ",1,"Othr","Attchd",1976,22.9782505861521,"Y",23.1516738055805,9.48683298050514,0,0,0,0,"MnPrv","None",0,8,2007,"WD","Normal",11.805595078933
359,"Othr","RL",92,83.2466215530696,"Pave","None","IRG","Lvl","AllPub","Inside","Gtl","Othr","Norm","Norm","1Fam","5","Othr",1958,1958,"Hip","CompShg","Wd Sdng","BrkFace",120,"TA","TA","CBlock","TA","TA","Av","BLQ","Othr",17.1464281994822,21.6333076527839,"GasA","Ex","Y","Othr",36.7695526217005,0,0,1,1,0,3,1,"Gd",6,"Othr",0,"None","BuiltIn",1958,16.9705627484771,"Y",12.9614813968157,0,294,0,0,0,"None","None",0,7,2006,"WD","Abnorml",11.7752897294377
360,"60","RL",78,109.594707901431,"Pave","None","IRG","Lvl","AllPub","CulDSac","Gtl","Othr","Norm","Norm","1Fam","8","5",1998,1998,"Gable","CompShg","VinylSd","BrkFace",530,"Gd","TA","PConc","Gd","TA","Av","GLQ","Unf",0,11.4017542509914,"GasA","Ex","Y","SBrkr",32.9545141065682,0,1,0,2,1,3,1,"Gd",7,"Typ",1,"TA","Attchd",1998,24.3310501211929,"Y",14.422205101856,8.66025403784439,0,0,374,0,"None","None",0,6,2006,"WD","Normal",12.5425448821514
361,"Othr","RL",63.6175190465593,86.8331733843696,"Pave","None","IRG","Lvl","AllPub","CulDSac","Gtl","Othr","Norm","Norm","1Fam","6","6",1978,1978,"Gable","CompShg","VinylSd","None",0,"TA","TA","CBlock","Gd","TA","Av","GLQ","Unf",0,10.7238052947636,"GasA","Ex","Y","SBrkr",30.199337741083,0,1,0,1,0,2,1,"TA",5,"Typ",1,"TA","Attchd",1978,21.6794833886788,"Y",0,0,0,0,192,0,"MnPrv","None",0,6,2007,"WD","Normal",11.9576112862317
362,"50","RL",67.8400311751684,95.6242647030554,"Pave","Othr","Reg","Lvl","AllPub","Inside","Gtl","Othr","Norm","Norm","1Fam","5","5",1940,1982,"Gable","CompShg","MetalSd","None",0,"TA","TA","CBlock","TA","TA","No","Rec","Unf",0,22,"GasA","Gd","Y","SBrkr",31.4324672910034,0,1,0,1,0,3,1,"TA",8,"Typ",0,"None","Detchd",1940,15.4919333848297,"N",0,0,0,0,0,0,"None","None",0,7,2008,"WD","Normal",11.8844890214027
363,"Othr","RL",64,85.4458893101359,"Pave","None","Reg","Lvl","AllPub","Corner","Gtl","Edwards","Norm","Norm","1Fam","7","5",2003,2003,"Gable","CompShg","HdBoard","BrkFace",500,"Gd","TA","Othr","Othr","Othr","Othr","Othr","Othr",0,0,"GasA","Ex","Y","SBrkr",22.248595461287,0,0,0,3,0,4,1,"Gd",7,"Typ",1,"Othr","BuiltIn",2003,25.9229627936314,"Y",0,0,177,0,0,0,"None","None",0,7,2009,"Othr","Normal",12.1985443791094
364,"Othr","RM",21,40.9878030638384,"Pave","None","Reg","Lvl","AllPub","Inside","Gtl","Othr","Norm","Norm","Othr","6","Othr",1972,2007,"Gable","CompShg","HdBoard","BrkFace",510,"TA","TA","CBlock","TA","TA","No","ALQ","Unf",0,17.9164728671689,"GasA","Gd","Y","SBrkr",21.9772609758359,0,0,0,1,1,2,1,"Gd",5,"Typ",0,"None","Detchd",1972,16.2480768092719,"Y",15.8113883008419,0,0,0,0,0,"None","None",0,5,2009,"WD","Normal",11.6784399034478
365,"60","RL",93.2593435902866,137.113092008021,"Pave","None","IRG","Lvl","AllPub","Othr","Gtl","Othr","Norm","Norm","1Fam","6","5",1976,1976,"Gable","CompShg","HdBoard","BrkFace",120,"TA","TA","PConc","Gd","TA","Mn","GLQ","Unf",0,9.16515138991168,"GasA","TA","Y","SBrkr",28.1069386451104,0,1,0,2,1,3,1,"TA",6,"Typ",1,"TA","Attchd",1976,23.7907545067406,"Y",17.4928556845359,10.5356537528527,0,0,0,0,"None","None",0,7,2006,"WD","Normal",12.1547793511426
366,"Othr","RM",59,103.392456204503,"Pave","None","Reg","Lvl","AllPub","Inside","Gtl","Othr","Norm","Norm","1Fam","5","7",1920,1997,"Hip","CompShg","VinylSd","None",0,"TA","Gd","CBlock","TA","Othr","No","Rec","Unf",0,14.6969384566991,"GasA","Gd","Y","FuseA",25.9229627936314,0,0,0,1,0,3,1,"TA",6,"Typ",0,"None","Detchd",1964,21.6333076527839,"Y",0,11.3137084989848,218,0,0,0,"None","None",0,7,2009,"WD","Normal",11.8981878657609
367,"20","RL",68.7771972087001,97.4679434480896,"Pave","None","IRG","Lvl","AllPub","Inside","Gtl","NAmes","Norm","Norm","1Fam","6","5",1963,1963,"Gable","CompShg","Plywood","BrkFace",247,"TA","TA","CBlock","Gd","TA","No","BLQ","Unf",0,28.0178514522438,"GasA","Gd","Y","SBrkr",37.3363094051889,0,1,0,1,1,3,1,"TA",6,"Typ",2,"Gd","Attchd",1963,22.6715680975093,"Y",0,8.71779788708135,0,0,185,0,"None","None",0,7,2009,"WD","Normal",11.9766594812024
368,"Othr","RL",101,95.655632348545,"Pave","None","IRG","Lvl","AllPub","Corner","Gtl","NAmes","Norm","Norm","1Fam","6","5",1962,1962,"Gable","Othr","Plywood","BrkFace",305,"TA","TA","CBlock","Gd","TA","Gd","GLQ","Unf",0,26.9814751264641,"GasA","Gd","Y","SBrkr",37.8285606387555,0,0,1,1,0,3,1,"TA",6,"Typ",1,"Gd","Othr",1962,17.2046505340853,"Y",8,10.4880884817015,0,0,0,0,"None","None",0,12,2008,"WD","Normal",12.0137007528827
369,"20","RL",78,88.3176086632785,"Pave","None","Reg","Lvl","AllPub","Inside","Gtl","NAmes","Norm","Norm","1Fam","5","6",1954,1954,"Gable","CompShg","HdBoard","BrkFace",200,"TA","TA","PConc","TA","TA","No","LwQ","Unf",0,26.9814751264641,"GasA","Gd","Y","SBrkr",35.6089876295297,0,0,0,1,0,2,1,"TA",7,"Typ",1,"Gd","Attchd",1954,15.6204993518133,"Y",0,9.89949493661167,0,0,0,0,"None","None",0,3,2010,"WD","Normal",11.7905572015685
370,"20","RL",69.6459185319177,99.1463564635635,"Pave","None","IRG","Lvl","AllPub","Corner","Gtl","NAmes","Norm","Norm","1Fam","5","7",1959,2006,"Gable","CompShg","Wd Sdng","None",0,"TA","Gd","CBlock","TA","TA","No","ALQ","Othr",16.062378404209,27.0739727413618,"GasA","Ex","Y","SBrkr",35.8747822293042,0,1,0,1,0,3,1,"Gd",7,"Typ",1,"Gd","Detchd",1997,24,"Y",19.0787840283389,4.12310562561766,0,0,182,0,"None","None",0,3,2010,"WD","Normal",11.9953516142145
371,"60","RL",65.1469950731939,90.1165911472466,"Pave","None","IRG","Lvl","AllPub","Inside","Gtl","Gilbert","Norm","Norm","1Fam","6","5",2000,2000,"Gable","CompShg","VinylSd","None",0,"TA","TA","PConc","Gd","TA","No","Unf","Unf",0,30.8706980808663,"GasA","Ex","Y","SBrkr",30.8706980808663,0,0,0,2,1,3,1,"TA",7,"Typ",1,"TA","Attchd",2000,21.4476105895272,"Y",10,6.32455532033676,0,0,0,0,"None","None",0,1,2006,"WD","Normal",12.0575726372117
372,"50","RL",80,130.843417870369,"Pave","None","Reg","Lvl","AllPub","Inside","Gtl","Othr","Feedr","Norm","1Fam","4","Othr",1959,1959,"Gable","CompShg","Othr","None",0,"TA","TA","CBlock","Othr","Othr","Othr","Othr","Othr",0,0,"GasA","TA","Y","SBrkr",33.466401061363,0,0,0,2,0,4,1,"TA",7,"Othr",1,"Gd","Detchd",1991,26.0768096208106,"N",0,7.68114574786861,0,0,0,0,"None","None",0,7,2008,"WD","Normal",11.8088137739691
373,"120","RL",50,84.7053717304871,"Pave","None","Reg","Lvl","AllPub","Inside","Gtl","Othr","Norm","Norm","TwnhsE","6","5",1984,1984,"Gable","CompShg","Plywood","None",0,"TA","TA","CBlock","Gd","TA","No","ALQ","Othr",11,0,"GasA","TA","Y","SBrkr",27.4226184016042,0,1,0,1,0,2,1,"TA",4,"Typ",0,"None","Attchd",1984,16.2480768092719,"Y",18.7882942280559,0,0,0,90,0,"MnPrv","None",0,2,2010,"WD","Normal",11.7360690162844
374,"20","RL",79,103.121287811974,"Pave","None","Reg","Lvl","AllPub","Inside","Gtl","NAmes","Norm","Norm","1Fam","5","6",1953,1953,"Gable","CompShg","MetalSd","None",0,"TA","TA","PConc","TA","TA","No","BLQ","Othr",13.4164078649987,0,"GasA","TA","Y","SBrkr",36.3180395946698,0,1,0,1,0,3,1,"TA",5,"Othr",0,"None","Attchd",1953,16.431676725155,"Y",8.12403840463596,0,0,0,0,0,"Othr","None",0,11,2009,"WD","Normal",11.7199396343546
375,"60","RL",65,90.5538513813742,"Pave","None","Reg","Lvl","AllPub","Inside","Gtl","CollgCr","Norm","Norm","1Fam","7","5",2003,2004,"Gable","CompShg","VinylSd","None",0,"Gd","TA","PConc","Gd","TA","No","Unf","Unf",0,29.1032644217105,"GasA","Ex","Y","SBrkr",29.1032644217105,0,0,0,2,1,4,1,"Gd",8,"Typ",1,"Gd","BuiltIn",2003,20.8326666559997,"Y",10,6.92820323027551,0,0,0,0,"None","None",0,7,2007,"WD","Normal",12.2991075114974
376,"Othr","RL",70.1460914149824,100.099950049938,"Pave","None","IRG","Othr","AllPub","Inside","Othr","Edwards","Norm","Norm","1Fam","Othr","Othr",1922,1950,"Gable","CompShg","Wd Sdng","None",0,"Othr","Othr","BrkTil","Othr","Othr","Gd","BLQ","Unf",0,18.2482875908947,"GasA","Gd","N","FuseA",30.0665927567458,0,1,0,0,1,1,1,"Othr",4,"Othr",0,"None","None",1959,0,"Y",0,0,0,0,0,0,"None","None",0,3,2009,"WD","Normal",11.0186291431554
377,"Othr","RL",57,94.05317644822,"Pave","None","IRG","Lvl","AllPub","CulDSac","Gtl","CollgCr","Norm","Norm","1Fam","5","5",1996,1996,"Gable","CompShg","VinylSd","None",0,"Gd","TA","PConc","Gd","TA","Av","GLQ","Unf",0,23.9165214862028,"GasA","Ex","Y","SBrkr",30.2324329156619,0,0,0,1,0,2,1,"TA",5,"Typ",0,"None","Detchd",1998,24,"Y",0,0,0,0,0,0,"None","None",0,7,2006,"WD","Normal",11.9049675527463
378,"60","Othr",102,105.560409245133,"Pave","None","IRG","Lvl","AllPub","Corner","Gtl","Somerst","Norm","Norm","1Fam","8","5",2004,2005,"Gable","CompShg","Othr","None",0,"Gd","TA","PConc","Gd","TA","No","Unf","Unf",0,39.7492138287036,"GasA","Ex","Y","SBrkr",39.7492138287036,0,0,0,3,0,4,1,"Gd",8,"Typ",1,"Gd","Attchd",2004,24.6981780704569,"Y",12.6095202129185,14.6287388383278,0,0,0,0,"None","None",0,12,2007,"WD","Normal",12.7367008965923
379,"20","RL",88,106.742681247943,"Pave","None","Reg","Lvl","AllPub","Corner","Gtl","Othr","Norm","Norm","1Fam","Othr","Othr",2010,2010,"Hip","CompShg","VinylSd","Stone",350,"Gd","TA","PConc","Ex","TA","Av","GLQ","Unf",0,20.2731349327133,"GasA","Ex","Y","SBrkr",43.081318457076,0,1,0,1,1,1,1,"Ex",8,"Typ",1,"Othr","Attchd",2010,28.8790581563873,"Y",10.6301458127346,0,0,0,0,0,"None","None",0,6,2010,"New","Partial",12.8852020343219
380,"60","RL",60,90.1276871998833,"Pave","None","IRG","Lvl","AllPub","Inside","Gtl","Gilbert","Othr","Norm","1Fam","6","5",2000,2000,"Gable","CompShg","VinylSd","BrkFace",16,"TA","TA","PConc","Gd","TA","No","Unf","Unf",0,31.3368792319848,"GasA","Ex","Y","SBrkr",31.7332633052449,0,0,0,2,1,3,1,"TA",7,"Typ",1,"TA","Attchd",2000,21.51743479135,"Y",10,7.93725393319377,0,0,0,0,"None","None",0,6,2009,"WD","Normal",12.0951410848229
381,"50","RL",50,70.7106781186548,"Pave","Othr","Reg","Lvl","AllPub","Inside","Gtl","Othr","Norm","Norm","1Fam","5","6",1924,1950,"Gable","CompShg","Othr","None",0,"TA","TA","BrkTil","TA","TA","No","LwQ","Unf",0,28.4253408071038,"GasA","TA","Y","SBrkr",32.0312347560939,0,0,0,2,0,3,1,"Gd",6,"Typ",1,"Gd","Detchd",1924,17.5499287747842,"Y",0,0,242,0,0,0,"None","None",0,5,2010,"WD","Normal",11.7519423654407
382,"20","Othr",60,84.8528137423857,"Pave","Othr","Reg","Lvl","AllPub","Inside","Gtl","Somerst","Norm","Norm","1Fam","7","5",2006,2006,"Gable","CompShg","VinylSd","None",0,"Gd","TA","PConc","Gd","Othr","No","Unf","Unf",0,35.9583091927304,"GasA","Ex","Y","SBrkr",36.0693775937429,0,1,0,2,0,2,1,"Gd",5,"Typ",1,"Gd","Attchd",2006,23.9165214862028,"Y",14.6969384566991,11,0,0,0,0,"None","None",0,8,2006,"New","Partial",12.1428665696264
383,"60","RL",79,96.150923032491,"Pave","None","IRG","Lvl","AllPub","Inside","Gtl","CollgCr","Norm","Norm","1Fam","7","5",2006,2006,"Gable","CompShg","VinylSd","None",0,"Gd","TA","PConc","Gd","TA","Av","Unf","Unf",0,30.6431068920891,"GasA","Ex","Y","SBrkr",30.6431068920891,0,0,0,2,1,3,1,"Gd",8,"Typ",0,"None","Attchd",2006,25.2784493195291,"Y",12,7.28010988928052,0,0,0,0,"None","None",0,4,2007,"WD","Normal",12.2713921116508
384,"Othr","Othr",60,94.8683298050514,"Pave","None","Reg","Lvl","AllPub","Corner","Gtl","Othr","Norm","Norm","1Fam","6","Othr",1928,1950,"Gable","CompShg","Wd Sdng","None",0,"TA","TA","BrkTil","Othr","Othr","No","Unf","Unf",0,28,"GasA","TA","N","FuseA",28,0,0,0,1,0,2,1,"TA",5,"Typ",0,"None","Detchd",1950,18.9736659610103,"N",0,0,91,0,0,0,"None","None",0,10,2009,"WD","Normal",11.2384886192685
385,"60","RL",183.572138849758,230.449560641803,"Pave","None","IRG","Othr","AllPub","Corner","Othr","Othr","Feedr","Norm","1Fam","6","5",1992,1992,"Gable","CompShg","HdBoard","None",0,"Gd","TA","PConc","Gd","TA","Av","GLQ","Unf",0,24.3926218353009,"GasA","Ex","Y","SBrkr",32.8481354113137,0,1,0,2,1,3,1,"Gd",9,"Typ",2,"Othr","Attchd",1992,22.3830292855994,"Y",14.6969384566991,15.1986841535707,0,0,0,0,"None","None",0,6,2007,"WD","Normal",12.3883942023241
386,"120","RL",43,56.4092191046818,"Pave","None","Reg","Lvl","AllPub","Inside","Gtl","Othr","Norm","Norm","TwnhsE","8","5",2004,2005,"Gable","CompShg","VinylSd","BrkFace",16,"Gd","TA","PConc","Gd","TA","No","GLQ","Unf",0,35.0998575495685,"GasA","Ex","Y","SBrkr",35.6230262611138,0,0,0,2,0,2,1,"Gd",6,"Typ",1,"TA","Attchd",2004,20.7364413533277,"Y",12.0830459735946,4.47213595499958,0,0,144,0,"None","None",0,4,2010,"WD","Normal",12.1652506510099
387,"50","RL",58,91.706052144883,"Pave","None","Reg","Lvl","AllPub","Othr","Gtl","Edwards","Feedr","Norm","1Fam","5","Othr",1910,1996,"Othr","CompShg","Wd Sdng","None",0,"TA","Othr","PConc","TA","TA","No","Unf","Unf",0,25.6515106767613,"GasA","TA","Y","SBrkr",25.6515106767613,0,0,0,1,0,5,1,"TA",8,"Typ",0,"None","None",1997,0,"N",0,12.2882057274445,0,0,0,0,"None","None",0,5,2006,"WD","Othr",11.3022044336546
388,"Othr","RL",72,84.8528137423857,"Pave","None","Reg","Lvl","AllPub","Inside","Gtl","Edwards","Norm","Norm","1Fam","6","6",1976,1976,"Hip","CompShg","MetalSd","BrkFace",255,"TA","TA","CBlock","TA","TA","Av","ALQ","Unf",0,20.2484567313166,"GasA","Ex","Y","SBrkr",33.5410196624968,0,1,0,1,0,3,1,"TA",6,"Typ",1,"Othr","Detchd",1977,18.7616630392937,"Y",17.2046505340853,0,0,0,0,0,"Othr","None",0,10,2009,"WD","Abnorml",11.7360690162844
389,"20","RL",93,96.8607247546703,"Pave","None","IRG","Lvl","AllPub","CulDSac","Gtl","CollgCr","Norm","Norm","1Fam","7","5",1999,2000,"Gable","CompShg","VinylSd","BrkFace",125,"Gd","TA","PConc","Gd","TA","No","Unf","Unf",0,38.314488121336,"GasA","Ex","Y","SBrkr",38.4577690460588,0,0,0,2,0,3,1,"Gd",6,"Typ",0,"None","Attchd",1999,24.0208242989286,"Y",10.9544511501033,5,0,0,0,0,"None","None",0,7,2008,"WD","Normal",12.1600287070288
390,"60","RL",96,111.687062813918,"Pave","None","Reg","Lvl","AllPub","Inside","Gtl","NridgHt","Norm","Norm","1Fam","Othr","5",2007,2008,"Gable","CompShg","VinylSd","Stone",272,"Othr","TA","PConc","Ex","TA","Av","GLQ","Unf",0,20.0499376557634,"GasA","Ex","Y","SBrkr",41.7372735094184,0,1,0,2,1,3,1,"Ex",9,"Typ",1,"Othr","BuiltIn",2008,29.086079144498,"Y",14,11.5758369027902,0,0,0,0,"None","None",0,8,2008,"New","Partial",12.9621946252515
391,"50","RL",50,91.6787870774914,"Pave","Othr","Reg","Lvl","AllPub","Inside","Gtl","Edwards","Norm","Norm","1Fam","5","Othr",1900,1950,"Gable","CompShg","MetalSd","None",0,"TA","TA","BrkTil","TA","Othr","No","Rec","Othr",19.7737199332852,15.1327459504216,"GasA","Ex","Y","SBrkr",31,0,1,0,1,0,4,1,"TA",7,"Typ",0,"None","Detchd",1978,19.5959179422654,"Y",0,11.4017542509914,112,0,0,0,"MnPrv","None",0,4,2008,"WD","Normal",11.6868787720937
392,"60","RL",71,110.494343746637,"Pave","None","IRG","Lvl","AllPub","CulDSac","Gtl","Othr","Norm","Norm","1Fam","6","5",2001,2002,"Gable","CompShg","VinylSd","None",0,"TA","TA","PConc","Ex","TA","No","ALQ","Unf",0,10.6770782520313,"GasA","Ex","Y","SBrkr",28.3548937575157,0,1,0,2,1,3,1,"Gd",7,"Typ",1,"TA","BuiltIn",2001,23.6643191323985,"Y",11.1803398874989,13.856406460551,0,0,0,0,"None","None",0,6,2009,"WD","Normal",12.2783933071098
393,"20","RL",65.7208776442892,91.3181252545189,"Pave","None","IRG","Lvl","AllPub","Inside","Gtl","NAmes","Norm","Norm","1Fam","5","7",1959,1959,"Gable","CompShg","MetalSd","None",0,"TA","TA","Othr","Othr","Othr","Othr","Othr","Othr",0,0,"GasA","TA","Y","SBrkr",29.698484809835,0,0,0,1,0,3,1,"TA",5,"Typ",0,"None","Attchd",1959,17.1464281994822,"Y",0,0,0,0,0,0,"MnPrv","Othr",1200,7,2007,"WD","Normal",11.5759002641316
394,"Othr","RL",63.3700650938852,86.2902080192185,"Pave","None","Reg","Lvl","AllPub","Corner","Gtl","Othr","Feedr","Norm","1Fam","4","5",1941,1950,"Gable","CompShg","Othr","None",0,"TA","TA","CBlock","TA","TA","No","Rec","Unf",0,22.8473193175917,"GasA","TA","Y","FuseA",28.0713376952364,0,0,0,1,0,2,1,"TA",4,"Typ",2,"TA","None",1976,0,"Y",0,0,0,0,0,0,"Othr","None",0,4,2006,"WD","Abnorml",11.5129254649702
395,"50","RL",60,100.667770413375,"Pave","None","Reg","Lvl","AllPub","Inside","Gtl","OldTown","Norm","Norm","1Fam","5","6",1940,1950,"Gable","CompShg","MetalSd","None",0,"TA","TA","CBlock","TA","TA","No","Unf","Unf",0,27.1108834234519,"GasA","Gd","Y","FuseA",27.1108834234519,0,0,0,1,0,2,1,"TA",5,"Typ",0,"None","Detchd",1940,15.4919333848297,"Y",0,6.2449979983984,0,0,0,0,"None","None",0,7,2007,"WD","Normal",11.5991031612113
396,"20","RL",68,97.8314877736202,"Pave","None","Reg","Lvl","AllPub","Inside","Gtl","Edwards","Norm","Norm","1Fam","5","6",1956,1956,"Gable","CompShg","Wd Sdng","None",0,"TA","TA","CBlock","TA","TA","Av","BLQ","Unf",0,20.1246117974981,"GasA","TA","Y","SBrkr",33.8230690505755,0,1,0,1,0,3,1,"TA",6,"Typ",0,"None","Attchd",1956,24.4131112314674,"Y",6.6332495807108,0,0,0,0,0,"None","None",0,6,2010,"WD","Normal",11.7675676833438
397,"20","RL",60,84.8528137423857,"Pave","None","Reg","Othr","AllPub","Inside","Gtl","CollgCr","Norm","Norm","1Fam","5","5",1972,1972,"Hip","CompShg","MetalSd","None",0,"TA","TA","CBlock","TA","TA","Av","Rec","Unf",0,10.816653826392,"GasA","TA","Y","SBrkr",29.8998327754521,0,0,0,1,0,2,1,"TA",6,"Typ",0,"None","Detchd",1985,24.4948974278318,"Y",14.6628782986152,0,0,0,0,0,"None","None",0,9,2009,"WD","Normal",11.7199396343546
398,"60","RL",69,87.120606058498,"Pave","None","Reg","Lvl","AllPub","Inside","Gtl","NAmes","Othr","Norm","1Fam","5","5",1962,1962,"Gable","CompShg","VinylSd","BrkFace",288,"TA","TA","CBlock","TA","TA","No","ALQ","Unf",0,18,"GasA","TA","Y","SBrkr",29.5972971738975,0,0,0,2,0,4,1,"TA",8,"Typ",1,"TA","Attchd",1962,16.2480768092719,"Y",0,12.9614813968157,0,0,0,0,"None","None",0,7,2007,"WD","Normal",12.0406082058026
399,"Othr","RM",60,94.6942448092808,"Pave","None","Reg","Lvl","AllPub","Corner","Gtl","Othr","Norm","Norm","1Fam","5","Othr",1920,1950,"Gable","CompShg","MetalSd","None",0,"TA","Othr","BrkTil","Othr","Othr","No","Unf","Unf",0,31,"GasA","Gd","Y","Othr",32.8176781628439,0,0,0,1,0,2,1,"TA",6,"Othr",0,"None","Detchd",1920,18.3847763108502,"N",0,0,0,0,0,0,"None","None",0,11,2007,"WD","Abnorml",11.1124478983731
400,"60","Othr",65,90.1387818865997,"Pave","None","Reg","Lvl","AllPub","Inside","Gtl","Somerst","Norm","Norm","1Fam","7","5",2006,2007,"Gable","CompShg","Othr","Stone",100,"Gd","TA","PConc","Gd","TA","No","GLQ","Unf",0,16.7332005306815,"GasA","Ex","Y","SBrkr",33.3466640010661,0,1,0,2,0,2,1,"Gd",7,"Typ",0,"None","Attchd",2007,20.9284495364563,"Y",0,12.9614813968157,0,0,0,0,"None","None",0,10,2009,"WD","Normal",12.3925522124728
401,"120","RL",38,122.323342007975,"Pave","None","IRG","Lvl","AllPub","Inside","Gtl","Othr","Norm","Norm","TwnhsE","8","5",1996,1996,"Gable","CompShg","Othr","None",0,"Gd","TA","PConc","Gd","TA","No","GLQ","Unf",0,21.7715410570772,"GasA","Ex","Y","SBrkr",35.8887168898527,0,1,0,1,1,1,1,"Ex",4,"Typ",2,"Gd","Attchd",1996,22.3606797749979,"Y",10.9544511501033,5.47722557505166,0,0,224,0,"None","None",0,12,2008,"WD","Normal",12.4110522262167
402,"20","RL",65,93.6322593981369,"Pave","None","IRG","Lvl","AllPub","Inside","Gtl","CollgCr","Norm","Norm","1Fam","7","5",2005,2005,"Gable","CompShg","VinylSd","None",0,"Gd","TA","PConc","Gd","TA","Av","GLQ","Unf",0,35.8608421540822,"GasA","Ex","Y","SBrkr",36.1939221417077,0,0,0,2,0,3,1,"Gd",6,"Typ",1,"Gd","Attchd",2005,20,"Y",0,0,0,0,0,0,"None","None",0,7,2006,"New","Partial",12.0136401449855
403,"Othr","RL",60,100.995049383621,"Pave","None","Reg","Lvl","AllPub","Inside","Gtl","Sawyer","Norm","Norm","1Fam","5","Othr",1940,1997,"Gable","CompShg","Wd Sdng","None",0,"TA","TA","PConc","TA","TA","No","Unf","Unf",0,25.9229627936314,"GasA","Ex","Y","SBrkr",25.9229627936314,0,0,0,1,0,2,1,"TA",4,"Typ",0,"None","Detchd",1940,15.4919333848297,"N",12.9614813968157,0,0,0,0,0,"Othr","None",0,8,2008,"WD","Normal",11.5898865061064
404,"60","RL",93,109.954536059228,"Pave","None","Reg","Lvl","AllPub","Corner","Gtl","Othr","Norm","Norm","1Fam","8","5",1998,1998,"Hip","CompShg","VinylSd","BrkFace",650,"Gd","TA","PConc","Gd","TA","No","Unf","Unf",0,33.7786915081091,"GasA","Gd","Y","SBrkr",34.132096331752,0,0,0,2,1,4,1,"Gd",10,"Typ",1,"TA","BuiltIn",1998,20.4939015319192,"Y",12,11.0905365064094,0,0,0,0,"None","None",0,7,2006,"WD","Abnorml",12.4607148639038
405,"60","RL",71.0516675822152,101.803732740995,"Pave","None","IRG","Lvl","AllPub","Inside","Gtl","Gilbert","Norm","Norm","1Fam","6","5",1995,1996,"Gable","CompShg","MetalSd","None",0,"TA","TA","PConc","Gd","TA","No","Unf","Unf",0,28.3901391331568,"GasA","Gd","Y","SBrkr",28.3901391331568,0,0,0,2,1,3,1,"TA",7,"Typ",1,"TA","BuiltIn",1995,19.313207915828,"Y",0,6.32455532033676,0,0,0,0,"None","None",0,5,2007,"WD","Normal",12.0317192583854
406,"20","RL",70.0697492380936,99.9549898704412,"Pave","None","IRG","Lvl","AllPub","Corner","Gtl","Sawyer","Feedr","Norm","1Fam","4","Othr",1976,1993,"Gable","CompShg","Plywood","None",0,"TA","TA","CBlock","TA","TA","No","BLQ","Unf",0,12.8452325786651,"GasA","Ex","Y","SBrkr",40.2492235949962,0,1,0,2,0,3,1,"TA",8,"Othr",1,"TA","Attchd",1993,22.1359436211787,"Y",10.9544511501033,8.83176086632785,0,0,0,0,"Othr","None",0,6,2009,"WD","Normal",11.9183905730784
407,"50","RL",51,102.371871136558,"Pave","None","Reg","Lvl","AllPub","Inside","Gtl","Othr","Norm","Norm","1Fam","6","5",1936,1950,"Gable","CompShg","MetalSd","None",0,"TA","TA","BrkTil","TA","TA","No","Unf","Unf",0,32.6190128606002,"GasA","Ex","Y","FuseA",34.1467421579277,473,0,0,1,0,3,1,"TA",6,"Othr",0,"None","Detchd",1936,15.4919333848297,"Y",0,0,0,0,0,0,"None","None",0,3,2008,"WD","Normal",11.6526874073454
408,"Othr","RL",63,124.803846094582,"Pave","None","Reg","Lvl","AllPub","Inside","Gtl","Othr","Norm","Norm","1Fam","6","7",1915,1976,"Gable","CompShg","Wd Sdng","None",0,"TA","TA","BrkTil","Gd","TA","No","Unf","Unf",0,28.9827534923789,"GasA","Ex","Y","SBrkr",28.9827534923789,0,0,0,2,0,4,1,"TA",8,"Typ",0,"None","Attchd",1960,17.5499287747842,"Y",0,0,160,0,0,0,"None","None",0,3,2008,"WD","Normal",12.083905011556
409,"60","RL",109,118.970584599724,"Pave","None","Reg","Lvl","AllPub","Corner","Gtl","NridgHt","Norm","Norm","1Fam","7","5",2006,2006,"Gable","CompShg","VinylSd","BrkFace",350,"Gd","TA","PConc","Ex","Othr","No","Unf","Unf",0,32.6036807738022,"GasA","Ex","Y","SBrkr",32.7261363439071,0,0,0,2,1,3,1,"Gd",9,"Typ",1,"Gd","Attchd",2006,30.7733651068582,"Y",13.856406460551,7.87400787401181,0,0,0,0,"None","None",0,8,2007,"New","Partial",12.5425448821514
410,"60","Othr",85,103.923048454133,"Pave","None","Reg","Lvl","AllPub","Inside","Gtl","Somerst","Norm","Norm","1Fam","8","5",2007,2008,"Gable","CompShg","VinylSd","Stone",100,"Gd","TA","PConc","Ex","TA","No","GLQ","Unf",0,15.6524758424985,"GasA","Ex","Y","SBrkr",32.4037034920393,0,1,0,2,1,3,1,"Ex",8,"Typ",1,"Gd","Attchd",2008,28.9136645896019,"Y",0,10.0995049383621,0,0,0,0,"None","None",0,4,2008,"New","Partial",12.7359653320134
411,"20","RL",68,97.8314877736202,"Pave","None","Reg","Lvl","AllPub","Inside","Gtl","Edwards","Norm","Norm","1Fam","5","Othr",1958,1958,"Gable","CompShg","Othr","None",0,"TA","Othr","CBlock","TA","Othr","No","Unf","Unf",0,35.7211421989835,"GasA","TA","Y","FuseA",35.7211421989835,0,0,0,1,0,3,1,"TA",5,"Othr",0,"None","Attchd",1958,18.7082869338697,"Y",0,0,0,0,0,0,"None","None",0,6,2009,"Othr","Abnorml",11.0020998412042
412,"Othr","RL",100,186.145104689863,"Pave","None","Reg","Othr","AllPub","Inside","Gtl","Gilbert","Norm","Norm","Othr","5","5",1955,1955,"Hip","CompShg","Wd Sdng","None",0,"TA","TA","CBlock","TA","TA","Mn","Rec","Unf",0,0,"GasA","TA","N","SBrkr",32.4961536185438,0,1,0,1,0,3,1,"TA",5,"Typ",0,"None","Attchd",1955,23.9165214862028,"Y",16.2480768092719,0,0,0,0,0,"None","None",0,1,2006,"WD","Normal",11.8844890214027
413,"20","Othr",55.3594014982758,66.3551053047164,"Pave","None","IRG","Lvl","AllPub","Inside","Gtl","Somerst","Norm","Norm","1Fam","7","5",2009,2009,"Gable","CompShg","MetalSd","Stone",432,"Othr","TA","PConc","Ex","TA","Av","GLQ","Unf",0,29.8663690461362,"GasA","Ex","Y","SBrkr",38.4447655734822,0,1,0,2,1,2,1,"Gd",7,"Typ",1,"Gd","Attchd",2009,22,"Y",0,12,0,0,0,0,"None","None",0,6,2010,"New","Partial",12.3104326608544
414,"Othr","RM",56,94.6572765295939,"Pave","Othr","Reg","Lvl","AllPub","Inside","Gtl","OldTown","Othr","Norm","1Fam","5","6",1927,1950,"Gable","CompShg","Othr","None",0,"TA","TA","CBlock","TA","TA","No","Unf","Unf",0,31.7490157327751,"GasA","Gd","Y","FuseA",32.0624390837628,0,0,0,1,0,2,1,"TA",5,"Typ",1,"Gd","Detchd",1927,18.9736659610103,"Y",0,0,130,0,0,0,"None","None",0,3,2010,"WD","Normal",11.6526874073454
415,"60","RL",59,105.962257431597,"Pave","None","IRG","Lvl","AllPub","CulDSac","Gtl","Othr","Norm","Norm","1Fam","7","5",1993,1993,"Gable","CompShg","VinylSd","None",0,"Gd","TA","PConc","Gd","TA","No","BLQ","Othr",23.0434372436058,22.3383079036887,"GasA","Ex","Y","SBrkr",32.86335345031,0,0,1,2,1,3,1,"Gd",9,"Typ",1,"TA","Attchd",1993,26.0384331325831,"Y",14,13.6747943311773,0,0,0,0,"None","None",0,12,2008,"WD","Normal",12.3371009079366
416,"20","RL",73,94.3345111822815,"Pave","None","IRG","Lvl","AllPub","Inside","Gtl","Gilbert","Norm","Norm","1Fam","7","5",2007,2007,"Gable","CompShg","VinylSd","None",0,"Gd","TA","PConc","Gd","TA","Av","GLQ","Unf",0,36.2767142944341,"GasA","Ex","Y","SBrkr",36.6060104354463,0,0,0,2,0,3,1,"Gd",6,"Typ",0,"None","Attchd",2007,19.8997487421324,"Y",10,5.47722557505166,0,0,0,0,"None","None",0,8,2007,"New","Partial",12.1069923678295
417,"60","RL",74,88.5663593019381,"Pave","None","Reg","Lvl","AllPub","Inside","Gtl","Sawyer","Norm","Norm","1Fam","6","7",1978,1978,"Hip","CompShg","HdBoard","BrkFace",203,"TA","TA","CBlock","TA","TA","No","ALQ","Unf",0,21.51743479135,"GasA","TA","Y","SBrkr",25.9229627936314,0,0,0,1,1,3,1,"TA",6,"Typ",1,"TA","Attchd",1978,20.976176963403,"Y",0,0,0,0,0,0,"None","None",0,3,2006,"WD","Normal",11.9150516718129
418,"Othr","RL",86,149.733095873958,"Pave","None","IRG","Lvl","AllPub","Inside","Gtl","Othr","Feedr","Norm","1Fam","6","6",1918,1950,"Hip","CompShg","Wd Sdng","None",0,"TA","TA","BrkTil","Gd","TA","No","BLQ","Unf",0,15.556349186104,"Othr","TA","N","FuseA",37.0135110466435,0,1,0,2,1,4,1,"TA",10,"Typ",1,"Gd","Detchd",1918,29.3938769133981,"N",0,0,0,0,0,0,"None","None",0,11,2007,"WD","Normal",12.3842188309136
419,"50","RL",60,90.3327183250897,"Pave","None","Reg","Lvl","AllPub","Inside","Gtl","Edwards","Norm","Norm","1Fam","5","6",1940,1950,"Gable","CompShg","MetalSd","None",0,"TA","TA","BrkTil","TA","TA","No","ALQ","Unf",0,21.0713075057055,"GasA","Othr","N","Othr",27.495454169735,0,1,0,1,1,3,1,"TA",7,"Typ",0,"None","Detchd",1940,15.4919333848297,"Othr",0,0,0,0,0,0,"None","None",0,4,2007,"WD","Othr",11.7440371859336
420,"20","RL",65,91.9238815542512,"Pave","None","Reg","Lvl","AllPub","Inside","Gtl","NAmes","Norm","Norm","1Fam","5","6",1968,1968,"Gable","CompShg","VinylSd","None",0,"TA","TA","CBlock","TA","TA","No","BLQ","Unf",0,16.7630546142402,"GasA","Ex","Y","SBrkr",32.4961536185438,0,1,0,1,0,3,1,"TA",6,"Typ",1,"Othr","Attchd",1968,17.4355957741627,"Y",0,9.21954445729289,184,0,0,0,"None","None",0,7,2010,"WD","Normal",11.8635823365834
421,"Othr","RM",78,84.0238061504,"Pave","None","Reg","Lvl","AllPub","Inside","Gtl","Othr","Norm","Norm","Othr","7","5",1997,1998,"Gable","CompShg","VinylSd","BrkFace",200,"TA","Gd","PConc","Gd","Othr","Gd","GLQ","Unf",0,5.91607978309962,"GasA","Ex","Y","SBrkr",36.6606055596467,0,2,0,2,0,2,2,"TA",8,"Typ",0,"None","Attchd",1997,28,"Y",0,0,0,0,0,0,"None","None",0,11,2008,"WD","Othr",12.2370866990593
422,"20","RL",87.5600052122076,128.976742089417,"Pave","None","IRG","Lvl","AllPub","Othr","Gtl","Othr","Norm","Norm","1Fam","6","7",1977,2000,"Gable","CompShg","Othr","Stone",126,"Gd","TA","CBlock","Gd","TA","No","ALQ","Unf",0,18.8679622641132,"GasA","Gd","Y","SBrkr",40.024992192379,0,0,1,2,0,3,1,"Gd",8,"Typ",1,"TA","Attchd",1977,23,"Y",15.4919333848297,0,0,0,0,0,"None","None",0,6,2009,"WD","Normal",12.2783933071098
423,"20","RL",100,147.478812037526,"Pave","None","Reg","Othr","AllPub","Inside","Othr","Othr","Othr","Norm","1Fam","5","5",1954,1954,"Hip","CompShg","HdBoard","None",0,"TA","TA","CBlock","TA","TA","No","Unf","Unf",0,31.4324672910034,"GasA","Ex","Y","FuseA",31.4324672910034,0,0,0,1,0,2,1,"TA",4,"Typ",0,"None","Attchd",1954,22.8035085019828,"N",0,0,0,0,0,0,"None","None",0,2,2008,"WD","Normal",11.6351430976945
424,"60","RL",80,95.9166304662544,"Pave","None","Reg","Lvl","AllPub","Inside","Gtl","Othr","Norm","Norm","1Fam","8","5",1998,1998,"Gable","CompShg","VinylSd","BrkFace",473,"Gd","TA","PConc","Gd","TA","No","GLQ","Unf",0,22,"GasA","Gd","Y","SBrkr",38.3405790253616,0,1,0,2,1,4,1,"Gd",8,"Typ",1,"TA","Attchd",1998,26.3818119165458,"Y",0,8.12403840463596,0,0,0,0,"None","None",0,6,2008,"WD","Normal",12.6603279178078
425,"20","RL",72,94.8683298050514,"Pave","None","Reg","Lvl","AllPub","Inside","Gtl","NAmes","Norm","Norm","1Fam","6","5",1956,1956,"Gable","CompShg","Wd Sdng","BrkFace",74,"TA","TA","CBlock","Gd","TA","No","LwQ","Unf",0,24.0831891575846,"GasA","Gd","Y","FuseA",34.5832329315812,0,1,0,1,0,2,1,"TA",6,"Typ",1,"Gd","Attchd",1956,17.2336879396141,"Y",0,6.6332495807108,0,0,0,0,"None","None",0,5,2008,"WD","Normal",11.8422292121128
426,"60","RM",60,58.1205643468816,"Pave","Othr","Reg","Othr","AllPub","Inside","Gtl","OldTown","Norm","Norm","1Fam","7","Othr",1946,1992,"Gable","CompShg","HdBoard","None",0,"TA","Gd","CBlock","TA","TA","No","Unf","Unf",0,25.5147016443461,"GasA","Gd","Y","SBrkr",26.5894716006167,0,0,0,1,1,3,1,"TA",6,"Typ",2,"Gd","Detchd",1947,15.4919333848297,"Othr",0,0,126,0,0,0,"None","None",0,9,2009,"WD","Normal",11.8130300574206
427,"Othr","RL",77.464410440876,113.137084989848,"Pave","None","Reg","Othr","AllPub","Inside","Othr","Othr","Norm","Norm","1Fam","7","5",1989,1989,"Gable","CompShg","Wd Sdng","BrkFace",145,"Gd","TA","PConc","Gd","TA","Gd","GLQ","Unf",0,0,"GasA","Gd","Y","SBrkr",40.5462698654266,0,1,1,2,0,2,1,"Gd",5,"Typ",1,"TA","Attchd",1989,23.8537208837531,"Y",8.94427190999916,0,0,0,396,0,"None","None",0,8,2009,"WD","Normal",12.5245263766487
428,"20","RL",77,92.6984358012583,"Pave","None","IRG","Lvl","AllPub","Inside","Gtl","NAmes","Norm","Norm","1Fam","4","6",1957,1957,"Hip","CompShg","MetalSd","None",0,"TA","TA","CBlock","TA","TA","No","Rec","Unf",0,24.8797106092495,"GasA","Ex","Y","SBrkr",30.1164406927512,0,0,0,1,0,3,1,"TA",5,"Typ",0,"None","Detchd",1964,18.7616630392937,"Y",0,0,0,0,0,0,"None","None",0,7,2008,"WD","Normal",11.5991765530135
429,"20","RL",64,82.2313808712951,"Pave","None","Reg","Lvl","AllPub","Inside","Gtl","CollgCr","Norm","Norm","1Fam","7","5",2007,2007,"Gable","CompShg","VinylSd","BrkFace",108,"Gd","TA","PConc","Gd","TA","No","GLQ","Unf",0,23.3238075793812,"GasA","Ex","Y","SBrkr",34.7562943939655,0,1,0,2,0,2,1,"Gd",6,"Typ",0,"None","Attchd",2007,25.0599281722833,"Y",10.2469507659596,7.34846922834953,0,0,0,0,"None","None",0,9,2007,"New","Partial",12.1828040185908
430,"20","RL",130,107.037376649468,"Pave","None","IRG","Lvl","AllPub","Corner","Gtl","Othr","Norm","Norm","1Fam","6","5",1988,1988,"Gable","CompShg","HdBoard","None",0,"TA","TA","CBlock","Gd","TA","Mn","GLQ","Unf",0,19.672315572906,"GasA","TA","Y","SBrkr",37.5765884561119,0,1,0,2,0,3,1,"Gd",6,"Typ",1,"TA","Attchd",1988,24,"Y",0,0,169,0,0,0,"None","None",0,3,2009,"WD","Normal",12.0725412529057
431,"Othr","RM",21,40.9878030638384,"Pave","None","Reg","Lvl","AllPub","Inside","Gtl","Othr","Norm","Norm","Othr","6","5",1971,1971,"Gable","CompShg","HdBoard","BrkFace",232,"TA","TA","CBlock","TA","TA","No","ALQ","Unf",0,9.79795897113271,"GasA","TA","Y","SBrkr",21.9772609758359,0,0,0,1,1,2,1,"TA",4,"Typ",0,"None","Detchd",1971,16.2480768092719,"Y",0,0,0,0,0,0,"None","None",0,7,2008,"Othr","Abnorml",11.3551013797767
432,"50","RM",60,74.7395477642192,"Pave","None","IRG","Othr","AllPub","Inside","Gtl","OldTown","Feedr","Norm","1Fam","6","7",1920,1998,"Gable","CompShg","MetalSd","None",0,"TA","TA","BrkTil","TA","TA","No","Unf","Unf",0,30.0166620396073,"GasA","Gd","Y","SBrkr",32.9848450049413,0,0,0,1,0,4,1,"TA",7,"Typ",0,"None","None",1971,0,"N",0,9.89949493661167,0,0,0,0,"MnPrv","None",0,9,2008,"Othr","Abnorml",11.2885311317544
433,"Othr","RM",24,43.8178046004133,"Pave","None","Reg","Lvl","AllPub","Inside","Gtl","Othr","Norm","Norm","TwnhsE","5","5",1971,1971,"Gable","CompShg","HdBoard","BrkFace",376,"TA","TA","CBlock","TA","TA","No","ALQ","Unf",0,17.1464281994822,"GasA","Ex","Y","SBrkr",27.6586333718787,0,1,0,1,1,2,1,"TA",6,"Othr",0,"None","Detchd",1971,20.976176963403,"Y",15.4919333848297,6,0,0,0,0,"None","None",0,8,2007,"WD","Normal",11.7158663089669
434,"60","RL",100,104.110518200612,"Pave","None","IRG","Lvl","AllPub","Corner","Gtl","Gilbert","Norm","Norm","1Fam","6","5",1997,1998,"Gable","CompShg","VinylSd","None",0,"TA","TA","PConc","Gd","TA","No","Unf","Unf",0,30.4302481094059,"GasA","Ex","Y","SBrkr",30.4302481094059,0,0,0,2,1,3,1,"TA",7,"Typ",1,"TA","Attchd",1997,21.6794833886788,"Y",0,6,0,0,0,0,"None","None",0,7,2008,"WD","Normal",12.106252310248
435,"Othr","RM",21,43.4741302385683,"Pave","None","Reg","Lvl","AllPub","Inside","Gtl","Othr","Norm","Norm","Othr","4","7",1972,1972,"Gable","CompShg","Othr","None",0,"TA","Gd","CBlock","Gd","TA","Av","ALQ","Unf",0,11.6189500386223,"GasA","Gd","Y","SBrkr",25.0998007960223,0,1,0,1,0,1,1,"TA",3,"Typ",0,"None","None",1923,0,"Y",9.38083151964686,0,0,0,0,0,"None","None",0,6,2008,"WD","Normal",11.3022044336546
436,"60","RL",43,103.281169629318,"Pave","None","IRG","Lvl","AllPub","CulDSac","Gtl","CollgCr","Othr","Norm","1Fam","7","6",1996,1996,"Gable","CompShg","VinylSd","None",0,"Gd","TA","PConc","Gd","TA","Av","GLQ","Othr",18.5472369909914,8.36660026534076,"GasA","Ex","Y","SBrkr",28.7576076890968,0,1,0,2,1,3,1,"Gd",6,"Typ",1,"TA","Attchd",1996,23.4520787991171,"Y",12.5698050899765,7.81024967590665,0,0,0,0,"None","None",0,4,2009,"Othr","Normal",12.2643415536542
437,"50","RM",40,66.332495807108,"Pave","None","Reg","Lvl","AllPub","Inside","Gtl","OldTown","Norm","Norm","1Fam","6","Othr",1920,1950,"Gable","CompShg","Othr","None",0,"TA","TA","BrkTil","Othr","TA","No","Unf","Unf",0,25.4558441227157,"GasA","TA","Y","FuseA",27.0924343682881,0,0,0,1,0,2,1,"TA",6,"Typ",0,"None","Detchd",1990,20.976176963403,"Y",0,0,0,0,0,0,"None","None",0,10,2006,"WD","Normal",11.6613454700885
438,"Othr","RM",50,77.4596669241483,"Pave","None","Reg","Lvl","AllPub","Inside","Gtl","Othr","Norm","Norm","1Fam","6","7",1926,2004,"Gable","CompShg","Wd Sdng","None",0,"Gd","TA","PConc","TA","TA","No","Unf","Unf",0,29.732137494637,"GasA","Gd","Y","SBrkr",30.0665927567458,0,0,0,1,0,2,1,"TA",4,"Typ",0,"None","Detchd",1926,13.4164078649987,"Y",0,0,105,0,0,0,"None","None",0,1,2009,"WD","Normal",11.6868787720937
439,"Othr","RL",40,65.4217089351845,"Pave","None","Reg","Lvl","AllPub","Inside","Gtl","Othr","Norm","Norm","1Fam","5","6",1913,2002,"Gable","CompShg","Othr","None",0,"TA","TA","PConc","TA","TA","No","LwQ","Unf",0,8.66025403784439,"GasA","TA","N","SBrkr",26.343879744639,0,0,0,1,0,2,1,"Gd",4,"Typ",1,"Gd","Detchd",1990,18.7616630392937,"Othr",0,0,34,0,0,0,"MnPrv","None",0,3,2007,"WD","Normal",11.4114462960204
440,"50","RL",67,111.148549248292,"Pave","Othr","Reg","Lvl","AllPub","Corner","Gtl","Edwards","Norm","Norm","1Fam","6","Othr",1920,2000,"Gable","CompShg","Wd Sdng","None",0,"TA","TA","BrkTil","TA","Othr","Mn","Unf","Unf",0,26.153393661244,"GasA","Gd","Y","SBrkr",26.153393661244,0,0,0,1,0,3,1,"Gd",7,"Typ",0,"None","Detchd",2005,22.9782505861521,"Y",0,6.78232998312527,0,0,0,0,"Othr","Othr",800,8,2009,"Othr","Normal",11.6082356447746
441,"20","RL",105,124.22157622571,"Pave","None","Reg","Lvl","AllPub","Inside","Gtl","NridgHt","Norm","Norm","1Fam","Othr","5",2008,2008,"Hip","CompShg","VinylSd","Stone",200,"Othr","TA","PConc","Ex","TA","Gd","GLQ","Othr",23.2163735324878,28.0713376952364,"GasA","Ex","Y","SBrkr",49.0102030193714,0,1,0,2,0,2,1,"Ex",10,"Typ",2,"Gd","Attchd",2008,25.9229627936314,"Y",0,8.48528137423857,0,0,170,0,"None","None",0,4,2009,"WD","Normal",13.2267233927286
442,"Othr","RL",92,110.036357627831,"Pave","None","Reg","Lvl","AllPub","Inside","Gtl","Edwards","Norm","Norm","Othr","4","Othr",1955,1955,"Gable","CompShg","VinylSd","BrkFace",270,"TA","TA","CBlock","TA","TA","No","ALQ","Unf",0,36.1524549650504,"GasA","TA","N","Othr",37.9473319220206,0,0,0,2,0,4,2,"Othr",8,"Typ",0,"None","None",1993,0,"Y",0,0,0,0,0,0,"None","None",0,9,2008,"WD","Normal",11.6784399034478
443,"50","RM",52,78.993670632526,"Pave","None","Reg","Lvl","AllPub","Inside","Gtl","Othr","Norm","Norm","1Fam","5","7",1930,1992,"Gable","CompShg","MetalSd","None",0,"TA","TA","PConc","TA","TA","No","Unf","Unf",0,32.832910318764,"GasA","TA","Y","SBrkr",33.5857112474933,0,0,0,2,0,3,1,"TA",8,"Typ",1,"Gd","Detchd",1930,18.9736659610103,"Othr",0,0,0,0,0,0,"None","None",0,6,2008,"WD","Normal",12.0008917945901
444,"120","RL",53,62.6258732474047,"Pave","None","Reg","Lvl","AllPub","Inside","Gtl","Othr","Norm","Norm","TwnhsE","7","5",2006,2007,"Gable","CompShg","Othr","BrkFace",72,"Gd","TA","PConc","Ex","TA","Av","Unf","Unf",0,35.4682957019364,"GasA","Ex","Y","SBrkr",35.4682957019364,0,0,0,2,0,2,1,"Gd",6,"Typ",1,"Gd","Attchd",2007,25.4558441227157,"Y",12,4,0,0,0,0,"None","None",0,6,2007,"New","Partial",12.0581525154536
445,"60","RL",70,93.5414346693485,"Pave","None","Reg","Lvl","AllPub","Inside","Gtl","CollgCr","Norm","Norm","1Fam","7","5",1994,1995,"Gable","CompShg","VinylSd","None",0,"Gd","Gd","PConc","Gd","TA","No","GLQ","Unf",0,16.5227116418583,"GasA","Ex","Y","SBrkr",30.5450486986025,0,1,0,2,1,4,1,"Gd",8,"Typ",1,"TA","Attchd",1994,22.2036033111745,"Y",12,11.5325625946708,0,0,0,0,"None","None",0,7,2008,"WD","Normal",12.2548628096996
446,"20","RL",73,99.2723526466458,"Pave","None","Reg","Lvl","AllPub","Corner","Gtl","Edwards","Norm","Norm","1Fam","6","5",1956,1956,"Hip","CompShg","Wd Sdng","None",0,"TA","TA","CBlock","TA","TA","No","Unf","Unf",0,37.8945906429928,"GasA","Othr","Y","SBrkr",41.097445176069,0,0,0,1,0,3,1,"TA",7,"Typ",1,"Gd","Attchd",1956,21.9089023002066,"Y",0,0,0,0,0,0,"MnPrv","None",0,11,2009,"Othr","Normal",11.7558716435806
447,"20","RL",137,128.421182053429,"Pave","None","IRG","Lvl","AllPub","Corner","Gtl","NAmes","Othr","Norm","1Fam","6","6",1966,2002,"Gable","CompShg","Othr","None",0,"Gd","TA","CBlock","TA","TA","No","ALQ","Othr",26.7020598456374,23.6008474424119,"GasA","Ex","Y","SBrkr",43.4511219648009,0,0,0,2,1,2,1,"Gd",6,"Othr",1,"Gd","Attchd",1966,24.0416305603426,"Y",0,0,0,0,0,0,"None","None",0,6,2010,"WD","Normal",12.1547793511426
448,"60","RL",73.2892831117151,105.896175568337,"Pave","None","IRG","Lvl","AllPub","Corner","Gtl","Gilbert","Norm","Norm","1Fam","7","5",1998,1999,"Gable","CompShg","VinylSd","None",0,"Gd","TA","PConc","Gd","TA","No","Unf","Unf",0,30.4959013639538,"GasA","Gd","Y","SBrkr",30.9192496674806,0,0,0,2,1,4,1,"Gd",10,"Typ",1,"TA","Attchd",1998,20.7605394920267,"Y",9.4339811320566,0,0,0,0,0,"None","None",0,7,2006,"WD","Normal",12.2055725204885
449,"50","RM",50,92.736184954957,"Pave","None","Reg","Othr","AllPub","Inside","Gtl","Othr","Norm","Norm","1Fam","6","6",1937,1950,"Gable","CompShg","MetalSd","None",0,"TA","TA","BrkTil","TA","TA","No","Unf","Unf",0,27.9284800875379,"GasA","TA","Y","SBrkr",27.9284800875379,0,0,0,2,0,3,1,"TA",7,"Typ",1,"Gd","Detchd",1937,14.0712472794703,"N",0,0,0,0,0,0,"None","None",0,6,2006,"WD","Normal",11.6910716503537
450,"50","RM",50,77.4596669241483,"Pave","None","Reg","Lvl","AllPub","Inside","Gtl","OldTown","Norm","Norm","1Fam","Othr","7",1948,2002,"Gable","CompShg","MetalSd","None",0,"TA","Gd","CBlock","TA","TA","No","ALQ","Unf",0,17.832554500127,"GasA","Ex","Y","SBrkr",26.0576284415908,0,0,0,1,1,2,1,"TA",6,"Typ",0,"None","Detchd",1981,17.5499287747842,"Y",0,13.2664991614216,0,0,0,0,"None","None",0,6,2007,"WD","Normal",11.6952470217642
451,"Othr","RM",70,75.3923072998831,"Pave","None","Reg","Lvl","AllPub","Inside","Gtl","OldTown","Norm","Norm","1Fam","6","Othr",1930,2005,"Hip","CompShg","Wd Sdng","None",0,"TA","TA","BrkTil","TA","TA","No","Unf","Unf",0,28.5131548587665,"GasA","Ex","Y","FuseA",28.5131548587665,0,0,0,1,0,2,1,"Gd",5,"Typ",0,"None","Detchd",1932,16.431676725155,"N",0,10.6301458127346,0,0,0,0,"None","None",0,6,2006,"WD","Normal",11.6082356447746
452,"20","RL",62,266.009398330209,"Pave","None","IRG","Othr","AllPub","Inside","Othr","Othr","Norm","Norm","1Fam","7","5",1975,1975,"Gable","Othr","Plywood","None",0,"TA","TA","CBlock","Gd","TA","Gd","ALQ","Unf",0,29.6310647800581,"GasA","TA","Y","SBrkr",39.1535439009038,0,1,0,2,0,2,1,"Gd",5,"Typ",2,"TA","Attchd",1975,24,"Y",14.142135623731,7.34846922834953,0,0,0,0,"None","None",0,12,2006,"WD","Normal",12.5425448821514
453,"60","RL",68.2585969036278,96.4520606311757,"Pave","None","IRG","Lvl","AllPub","Corner","Gtl","Othr","Norm","Norm","1Fam","6","5",1996,1997,"Hip","CompShg","VinylSd","BrkFace",42,"Gd","TA","PConc","Ex","TA","No","ALQ","Unf",0,11.4017542509914,"GasA","Ex","Y","SBrkr",29.7993288515027,0,1,0,2,1,3,1,"TA",7,"Typ",0,"None","Attchd",1996,20.5426385841741,"Y",12,11.0453610171873,0,0,0,0,"None","None",0,7,2007,"WD","Normal",12.2258752728264
454,"60","Othr",75,94.8683298050514,"Pave","None","Reg","Lvl","AllPub","Inside","Gtl","Somerst","Norm","Norm","1Fam","8","5",2008,2008,"Gable","CompShg","VinylSd","None",0,"Gd","TA","PConc","Gd","TA","No","Unf","Unf",0,27.712812921102,"GasA","Ex","Y","SBrkr",28.0356915377524,0,0,0,2,1,3,1,"Gd",6,"Typ",0,"None","Attchd",2008,26,"Y",0,5.47722557505166,0,0,0,0,"None","None",0,6,2009,"WD","Normal",12.2548628096996
455,"Othr","RL",63,96.4209520799292,"Pave","None","Reg","Lvl","AllPub","Inside","Gtl","Othr","Norm","Norm","Othr","5","5",1976,1976,"Gable","CompShg","Plywood","None",0,"TA","TA","CBlock","TA","TA","No","ALQ","Unf",0,11.0453610171873,"GasA","TA","Y","SBrkr",41.5692193816531,0,2,0,2,0,4,2,"TA",8,"Typ",0,"None","Detchd",1976,23.6643191323985,"Y",0,0,0,0,0,0,"None","None",0,7,2006,"WD","Othr",12.1441972418121
456,"20","RL",80,97.9795897113271,"Pave","None","Reg","Lvl","AllPub","Inside","Gtl","Othr","Norm","Norm","1Fam","7","6",1973,1973,"Hip","CompShg","HdBoard","BrkFace",320,"TA","TA","CBlock","TA","TA","No","ALQ","Unf",0,18.0554700852678,"GasA","Othr","Y","SBrkr",35.2420203734122,0,0,0,1,1,3,1,"TA",6,"Typ",1,"TA","Attchd",1973,22.9782505861521,"Y",0,0,0,0,0,0,"None","None",0,9,2007,"WD","Normal",12.0753943218881
457,"Othr","RM",34,67.6091709755415,"Pave","Othr","Reg","Lvl","AllPub","Inside","Gtl","OldTown","Norm","Norm","1Fam","5","5",1916,1950,"Gable","CompShg","Othr","None",0,"TA","TA","BrkTil","TA","TA","No","Unf","Unf",0,24.9799919935936,"GasA","Othr","N","SBrkr",24.9799919935936,0,0,0,1,0,4,1,"TA",7,"Typ",0,"None","Detchd",1916,22.6495033058122,"Y",0,0,96,0,0,0,"None","None",0,5,2008,"Othr","Abnorml",11.4927227576527
458,"20","RL",183.888037512747,230.709774391984,"Pave","None","IRG","Othr","AllPub","CulDSac","Othr","Othr","Norm","Norm","1Fam","4","6",1954,1994,"Othr","Othr","Plywood","None",0,"TA","TA","CBlock","Gd","TA","Gd","BLQ","Unf",0,15.7480157480236,"GasA","Ex","Y","SBrkr",40.7798970082074,0,1,0,1,0,2,1,"Gd",6,"Othr",2,"Gd","Attchd",1954,23,"Y",14.9666295470958,11.7046999107196,0,0,0,0,"None","None",0,3,2008,"WD","Normal",12.4529327234617
459,"Othr","RM",57.1942462324656,71.4142842854285,"Pave","Othr","Reg","Lvl","AllPub","Inside","Gtl","OldTown","Norm","Norm","1Fam","8","7",1925,1996,"Hip","CompShg","Othr","None",0,"TA","Gd","PConc","TA","TA","No","Unf","Unf",0,24.2487113059643,"GasA","Othr","Y","SBrkr",28.8617393793236,0,0,0,1,0,3,1,"Gd",7,"Typ",1,"Gd","Detchd",1925,15.0996688705415,"Y",13.856406460551,7.93725393319377,0,0,0,0,"MnPrv","None",0,6,2008,"WD","Normal",11.9891596439666
460,"50","RL",62.2354623959859,83.7555968279135,"Pave","None","IRG","Othr","AllPub","Corner","Gtl","Othr","Norm","Norm","1Fam","5","Othr",1950,1950,"Gable","CompShg","MetalSd","None",161,"TA","TA","CBlock","TA","TA","No","LwQ","Unf",0,22.8910462845192,"GasA","TA","Y","SBrkr",31.288975694324,0,1,0,1,0,3,1,"Gd",5,"Typ",1,"TA","Detchd",1950,18.7616630392937,"Y",0,0,248,0,0,0,"None","None",0,7,2009,"WD","Normal",11.6082356447746
461,"60","Othr",75,89.4650769853802,"Pave","None","IRG","Lvl","AllPub","Inside","Gtl","Somerst","Othr","Norm","1Fam","8","5",2009,2009,"Gable","CompShg","VinylSd","Stone",110,"Gd","TA","PConc","Gd","TA","No","GLQ","Unf",0,16.9705627484771,"GasA","Ex","Y","SBrkr",28.8444102037119,0,1,0,2,1,3,1,"TA",8,"Typ",0,"None","BuiltIn",2009,23.4946802489415,"Y",0,12.2474487139159,0,0,0,0,"None","None",0,12,2009,"New","Partial",12.4815619372163
462,"Othr","RL",60,84.8528137423857,"Pave","None","Reg","Lvl","AllPub","Inside","Gtl","Othr","Feedr","Norm","1Fam","7","Othr",1936,2007,"Gable","CompShg","Wd Sdng","None",0,"Gd","Gd","PConc","Gd","Othr","No","ALQ","Othr",14.4913767461894,0,"GasA","Ex","Y","SBrkr",23.9791576165636,0,1,0,1,0,3,1,"Gd",6,"Typ",0,"None","Detchd",1971,24,"Y",16,0,0,0,0,0,"MnPrv","None",0,4,2009,"WD","Normal",11.9511803959014
463,"20","RL",60,91,"Pave","None","IRG","Lvl","AllPub","Inside","Gtl","Sawyer","Norm","Norm","1Fam","5","5",1965,1965,"Gable","CompShg","MetalSd","None",0,"TA","TA","CBlock","TA","TA","No","Rec","Othr",17.6351920885484,0,"GasA","Gd","Y","SBrkr",29.3938769133981,0,0,0,1,0,3,1,"TA",5,"Typ",1,"Othr","Detchd",1965,18.9736659610103,"Y",0,0,236,0,0,0,"Othr","None",0,12,2009,"WD","Normal",11.0410480813427
464,"Othr","RL",74,109.489725545368,"Pave","None","IRG","Othr","AllPub","Inside","Othr","Othr","Norm","Norm","1Fam","6","7",1934,1995,"Hip","CompShg","Othr","None",0,"TA","TA","CBlock","TA","TA","No","LwQ","Unf",0,19.723082923316,"GasA","Othr","Y","FuseA",29.1376045686669,0,0,0,1,1,3,1,"TA",6,"Typ",1,"Gd","Detchd",1939,15.4919333848297,"Y",0,0,0,0,0,0,"None","None",0,8,2008,"WD","Normal",12.1479137313566
465,"20","RL",60,91.8150314491042,"Pave","None","Reg","Othr","AllPub","Inside","Othr","CollgCr","Norm","Norm","1Fam","5","5",1978,1978,"Gable","CompShg","HdBoard","BrkFace",136,"TA","TA","CBlock","Gd","TA","No","Rec","Unf",0,20.591260281974,"GasA","TA","Y","SBrkr",32.2490309931942,0,0,0,2,0,3,1,"TA",5,"Typ",0,"None","None",1953,0,"Y",0,0,0,0,0,0,"None","None",0,8,2009,"WD","Normal",11.7280368445872
466,"120","RM",51.8555588279648,55.4256258422041,"Pave","None","Reg","Lvl","AllPub","Inside","Gtl","Othr","Norm","Norm","TwnhsE","7","5",2004,2004,"Hip","CompShg","VinylSd","BrkFace",18,"Gd","TA","PConc","Gd","TA","No","Unf","Unf",0,37.0809924354783,"GasA","Ex","Y","SBrkr",37.6031913539263,0,0,0,2,0,2,1,"Gd",6,"Typ",1,"TA","Attchd",2004,19.94993734326,"Y",12,4.47213595499958,0,0,0,0,"None","None",0,5,2006,"WD","Normal",12.0936875149354
467,"20","RL",85,103.092191750879,"Pave","None","Reg","Lvl","AllPub","Inside","Gtl","NAmes","Norm","Norm","1Fam","7","5",1970,1970,"Othr","Othr","Plywood","None",0,"TA","Gd","CBlock","TA","Othr","Gd","GLQ","Unf",0,22.3383079036887,"GasA","TA","Y","SBrkr",35.7351367704113,0,1,0,1,0,2,1,"TA",5,"Typ",1,"Othr","Attchd",1970,22.9346898823594,"Y",0,0,0,0,176,0,"Othr","None",0,4,2007,"WD","Normal",12.0257490913989
468,"Othr","RL",79,97.3652915571047,"Pave","None","Reg","Lvl","AllPub","Inside","Gtl","NAmes","Othr","Norm","1Fam","5","7",1942,1995,"Gable","CompShg","MetalSd","Stone",224,"TA","TA","CBlock","TA","TA","No","LwQ","Unf",0,18.4932420089069,"GasA","Ex","Y","SBrkr",29.7993288515027,0,0,0,1,1,3,1,"Gd",7,"Typ",2,"Gd","Attchd",1942,17.6635217326557,"Y",12.9614813968157,0,0,0,0,0,"None","None",0,6,2007,"WD","Normal",11.8947807074393
469,"20","RL",98,106.901824119142,"Pave","None","IRG","Lvl","AllPub","Inside","Gtl","NridgHt","Norm","Norm","1Fam","8","5",2006,2006,"Gable","CompShg","VinylSd","Stone",248,"Gd","TA","PConc","Gd","TA","No","Unf","Unf",0,40.3236903073119,"GasA","Ex","Y","SBrkr",40.4227658628155,0,0,0,2,0,3,1,"Gd",7,"Typ",1,"Gd","Attchd",2006,29.4278779391243,"Y",0,6.6332495807108,0,0,0,0,"None","None",0,5,2007,"WD","Normal",12.4292161968444
470,"60","RL",76,96.3898334888073,"Pave","None","IRG","Lvl","AllPub","Corner","Gtl","Othr","Othr","Norm","1Fam","6","5",1993,1993,"Gable","CompShg","HdBoard","BrkFace",120,"Gd","TA","PConc","Gd","TA","No","GLQ","Unf",0,20.1494416796099,"GasA","Ex","Y","SBrkr",28.8444102037119,0,0,0,2,1,3,1,"Gd",7,"Typ",0,"None","Attchd",1993,22.494443758404,"Y",12,8.36660026534076,0,0,0,0,"None","None",0,6,2008,"WD","Normal",12.1388638958367
471,"120","RL",61.72212706863,82.5832912882503,"Pave","None","IRG","Lvl","AllPub","Corner","Gtl","Othr","Norm","Norm","TwnhsE","8","5",1985,1985,"Gable","CompShg","HdBoard","None",0,"Gd","TA","PConc","Gd","TA","Av","GLQ","Othr",33.466401061363,0,"GasA","TA","Y","SBrkr",38.7556447501522,0,1,0,1,1,1,1,"Gd",4,"Typ",0,"None","Attchd",1985,22.9782505861521,"Y",0,7.34846922834953,0,0,140,0,"None","None",0,6,2010,"WD","Normal",12.2643415536542
472,"60","RL",92,109.325202949732,"Pave","None","Reg","Lvl","AllPub","Inside","Gtl","Othr","Othr","Norm","1Fam","7","6",1977,1977,"Othr","Othr","Othr","None",0,"TA","TA","CBlock","Gd","TA","No","Unf","Unf",0,28.4253408071038,"GasA","TA","Y","SBrkr",34.0734500748016,0,0,0,2,1,3,1,"TA",8,"Typ",1,"Gd","Attchd",1977,23.1084400165827,"Y",0,0,0,0,276,0,"None","None",0,11,2007,"WD","Normal",12.1547793511426
473,"Othr","RM",35,60.6217782649107,"Pave","None","Reg","Lvl","AllPub","Inside","Gtl","Edwards","Norm","Norm","TwnhsE","6","5",2005,2005,"Gable","CompShg","VinylSd","BrkFace",80,"TA","TA","PConc","Gd","TA","Gd","GLQ","Unf",0,9.38083151964686,"GasA","Ex","Y","SBrkr",32.7414110874898,0,1,0,1,0,2,1,"TA",5,"Typ",0,"None","Othr",2005,22.9128784747792,"Y",0,5.29150262212918,0,0,0,0,"None","None",0,6,2008,"WD","Normal",11.9049675527463
474,"20","RL",110,122.380554010839,"Pave","None","IRG","Lvl","AllPub","Inside","Gtl","NridgHt","Norm","Norm","1Fam","8","5",2006,2007,"Gable","CompShg","VinylSd","BrkFace",304,"Gd","TA","PConc","Ex","TA","Gd","GLQ","Unf",0,25.0199920063936,"GasA","Ex","Y","SBrkr",44.4522215417857,0,1,0,2,0,2,1,"Gd",7,"Typ",1,"Othr","Attchd",2006,30.1330383466387,"Y",15.8113883008419,7.93725393319377,0,0,0,0,"None","None",0,7,2007,"New","Partial",12.9945300058944
475,"120","RL",41,73.0068489937759,"Pave","None","Reg","Lvl","AllPub","Inside","Gtl","Othr","Norm","Norm","TwnhsE","8","5",2000,2000,"Gable","CompShg","Othr","None",0,"Gd","TA","PConc","Gd","TA","Av","GLQ","Unf",0,17.2626765016321,"GasA","Ex","Y","SBrkr",40.6448028658032,0,1,0,2,0,2,1,"Ex",6,"Typ",0,"None","Attchd",2000,22.3383079036887,"Y",9.79795897113271,6.92820323027551,0,0,0,0,"None","None",0,8,2007,"WD","Normal",12.4332082181139
476,"20","RL",80,92.0869154657707,"Pave","None","Reg","Lvl","AllPub","Corner","Gtl","Sawyer","Norm","Norm","1Fam","5","6",1963,1963,"Hip","CompShg","HdBoard","None",0,"TA","TA","CBlock","TA","TA","No","GLQ","Unf",0,18.4390889145858,"GasA","TA","Y","SBrkr",31.1448230047949,0,1,0,1,0,2,1,"TA",5,"Typ",0,"None","Detchd",1996,24.9799919935936,"Y",0,4.89897948556636,0,0,192,0,"None","None",0,7,2007,"WD","Normal",11.7943379244084
477,"20","RL",75,114.564392373896,"Pave","None","Reg","Lvl","AllPub","Inside","Othr","CollgCr","Norm","Norm","1Fam","6","5",1997,1998,"Gable","CompShg","VinylSd","BrkFace",215,"TA","TA","PConc","Gd","TA","Gd","GLQ","Unf",0,22,"GasA","Ex","Y","SBrkr",38.6393581727233,0,1,0,2,0,3,1,"Gd",7,"Typ",1,"TA","Attchd",1997,22.5388553391693,"Y",11.8321595661992,6.2449979983984,0,0,0,0,"None","None",0,4,2008,"WD","Normal",12.2496109475447
478,"60","RL",105,117.017092768535,"Pave","None","Reg","Lvl","AllPub","Inside","Gtl","NridgHt","Norm","Norm","1Fam","Othr","5",2006,2006,"Hip","CompShg","VinylSd","BrkFace",772,"Othr","TA","PConc","Gd","TA","Av","Unf","Unf",0,46.4004310324807,"GasA","Ex","Y","SBrkr",45.4862616621766,0,0,0,2,1,3,1,"Ex",9,"Typ",1,"Gd","BuiltIn",2006,26.343879744639,"Y",20.3469899493758,9.16515138991168,0,0,0,0,"None","None",0,3,2007,"WD","Normal",12.8479265317026
479,"20","RL",79,103.13583276437,"Pave","None","Reg","Lvl","AllPub","Inside","Gtl","CollgCr","Norm","Norm","1Fam","8","5",2007,2008,"Hip","CompShg","VinylSd","Stone",336,"Gd","TA","PConc","Ex","TA","Gd","GLQ","Unf",0,20.4205778566621,"GasA","Ex","Y","SBrkr",41.4487635521254,0,1,0,2,0,3,1,"Gd",7,"Typ",1,"Gd","Attchd",2007,28.7402157263998,"Y",14.422205101856,6.6332495807108,0,0,0,0,"None","None",0,9,2009,"WD","Normal",12.6014874177848
480,"Othr","RM",50,76.9740215917033,"Pave","None","Reg","Othr","AllPub","Inside","Gtl","OldTown","Norm","Norm","1Fam","4","7",1937,2000,"Hip","CompShg","Othr","None",435,"TA","TA","BrkTil","Othr","TA","No","Rec","Unf",0,27.1845544381364,"GasA","TA","Y","SBrkr",33.6303434416005,0,0,0,1,0,2,1,"TA",7,"Typ",0,"None","Detchd",1995,25.9229627936314,"Y",0,8.48528137423857,0,0,0,0,"MnPrv","None",0,3,2007,"WD","Othr",11.40166982941
481,"20","RL",98,126.621483169326,"Pave","None","IRG","Lvl","AllPub","Othr","Gtl","NridgHt","Norm","Norm","1Fam","Othr","5",2004,2005,"Hip","CompShg","VinylSd","BrkFace",378,"Gd","TA","PConc","Ex","TA","Gd","GLQ","Unf",0,23.9165214862028,"GasA","Ex","Y","SBrkr",43.0116263352131,0,1,0,2,0,3,1,"Gd",8,"Typ",1,"Gd","Attchd",2004,27.7848879788996,"Y",22.781571499789,10.5830052442584,0,0,0,0,"None","None",0,3,2006,"WD","Normal",12.6946526603488
482,"20","RL",72,108.839331126206,"Pave","None","IRG","Othr","AllPub","Inside","Gtl","NridgHt","Norm","Norm","1Fam","Othr","5",2003,2004,"Hip","CompShg","VinylSd","BrkFace",562,"Gd","TA","PConc","Ex","TA","Gd","GLQ","Unf",0,15,"GasA","Ex","Y","SBrkr",42.3320209770335,0,1,0,2,0,2,1,"Ex",6,"Typ",1,"Gd","Attchd",2003,29.563490998189,"Y",14.3527000944073,7,0,0,0,0,"None","None",0,8,2006,"WD","Normal",12.8320110763967
483,"Othr","RM",50,50,"Pave","Othr","Reg","Lvl","AllPub","Corner","Gtl","OldTown","Norm","Norm","1Fam","7","Othr",1915,2005,"Gable","CompShg","Othr","None",0,"Gd","TA","PConc","TA","TA","No","ALQ","Unf",0,24.7184141886165,"GasA","Ex","Y","SBrkr",30.2654919008431,0,1,0,1,1,4,1,"Ex",7,"Othr",1,"Gd","Attchd",1915,12.8062484748657,"Y",0,0,0,0,0,0,"None","None",0,6,2009,"WD","Normal",11.9511803959014
484,"120","RM",32,67.0820393249937,"Pave","None","Reg","Lvl","AllPub","Othr","Gtl","Othr","Norm","Norm","Othr","6","5",1998,1998,"Hip","CompShg","VinylSd","BrkFace",116,"TA","TA","PConc","Ex","TA","No","GLQ","Unf",0,17.8605710994918,"GasA","Ex","Y","SBrkr",34.8711915483254,0,1,0,2,0,2,1,"TA",5,"Typ",0,"None","Attchd",1998,20.0499376557634,"Y",0,11.1803398874989,0,0,0,0,"None","None",0,5,2006,"WD","Normal",12.0076217068063
485,"20","RL",64.1914016176546,88.0795095354192,"Pave","None","IRG","Lvl","AllPub","Corner","Gtl","Sawyer","Norm","Norm","1Fam","5","7",1962,2001,"Gable","CompShg","HdBoard","None",0,"TA","Gd","CBlock","TA","TA","No","ALQ","Unf",0,20.2731349327133,"GasA","Gd","Y","SBrkr",31.6069612585582,0,1,0,1,0,3,1,"Gd",6,"Typ",0,"None","Detchd",1963,16.2480768092719,"Y",0,11.4891252930761,0,0,0,0,"None","None",0,3,2007,"WD","Normal",11.7943379244084
486,"20","RL",80,97.9795897113271,"Pave","None","Reg","Lvl","AllPub","Inside","Gtl","NAmes","Norm","Norm","1Fam","5","7",1950,2007,"Gable","CompShg","MetalSd","None",0,"Gd","TA","CBlock","TA","TA","No","ALQ","Unf",0,22.494443758404,"GasA","Gd","Y","SBrkr",33.3616546352246,0,0,0,1,0,3,1,"Gd",5,"Typ",1,"Gd","Attchd",1950,16.2480768092719,"Y",0,8.94427190999916,120,0,0,0,"None","None",0,7,2009,"WD","Normal",11.8981878657609
487,"20","RL",79,101.434708063858,"Pave","None","Reg","Lvl","AllPub","Inside","Gtl","NAmes","Norm","Norm","1Fam","5","7",1965,1965,"Hip","CompShg","MetalSd","BrkFace",168,"TA","TA","CBlock","TA","TA","No","ALQ","Unf",0,15.3948043183407,"GasA","TA","Y","SBrkr",32.7566787083184,0,1,0,1,1,3,1,"TA",6,"Typ",0,"None","Attchd",1965,22.6936114358204,"Y",0,0,0,0,0,0,"None","None",0,6,2007,"WD","Normal",11.9576112862317
488,"20","RL",70,110.648090810461,"Pave","None","IRG","Lvl","AllPub","Inside","Gtl","Othr","Norm","Norm","1Fam","5","6",1971,1971,"Gable","CompShg","Plywood","None",0,"TA","TA","CBlock","Gd","TA","Av","ALQ","Unf",0,22.0454076850486,"GasA","Gd","Y","SBrkr",38.5227205685164,0,0,0,2,0,3,1,"TA",7,"Typ",1,"TA","Attchd",1971,22.0680764907139,"Y",14.9666295470958,0,0,0,180,0,"None","None",0,2,2007,"WD","Normal",12.0725412529057
489,"Othr","RL",60,103.923048454133,"Pave","None","Reg","Lvl","AllPub","Corner","Gtl","OldTown","Norm","Norm","Othr","5","Othr",1900,1970,"Gable","CompShg","Wd Sdng","None",0,"TA","Othr","CBlock","TA","Othr","No","BLQ","Unf",0,17.0293863659264,"GasA","TA","N","FuseA",42.0238027789014,0,0,0,2,0,3,2,"TA",10,"Othr",1,"Gd","Attchd",1970,22.8035085019828,"N",11.916375287813,0,0,0,0,0,"None","None",0,5,2006,"Othr","Normal",11.982929094216
490,"Othr","RM",21,39.0640499692492,"Pave","None","Reg","Lvl","AllPub","Inside","Gtl","Othr","Norm","Norm","Othr","4","Othr",1970,2002,"Gable","CompShg","Othr","None",0,"TA","Gd","CBlock","Gd","TA","Av","GLQ","Unf",0,10.7238052947636,"GasA","TA","Y","SBrkr",25.0998007960223,0,1,0,1,0,1,1,"Gd",3,"Typ",0,"None","Attchd",1970,16.9115345252878,"Y",0,0,0,0,0,0,"None","None",0,5,2009,"WD","Normal",11.3621025752356
491,"Othr","RM",50.7841358626632,51.6236379965612,"Pave","None","Reg","Lvl","AllPub","Inside","Gtl","Othr","Norm","Norm","TwnhsE","5","6",1976,1976,"Gable","CompShg","Othr","None",0,"TA","TA","PConc","Gd","TA","Mn","Unf","Unf",0,16.2480768092719,"GasA","TA","Y","SBrkr",24.8193472919817,0,0,0,1,1,3,1,"TA",4,"Typ",1,"Gd","BuiltIn",1976,18.3303027798234,"Y",11.8743420870379,4.89897948556636,0,0,0,0,"None","None",0,6,2008,"WD","Normal",11.6526874073454
492,"50","RL",79,97.4166310236604,"Pave","None","Reg","Lvl","AllPub","Inside","Gtl","NAmes","Othr","Norm","1Fam","6","7",1941,1950,"Gable","CompShg","Wd Sdng","None",0,"TA","TA","CBlock","TA","TA","No","BLQ","Othr",12.8452325786651,15.4272486205415,"GasA","TA","Y","FuseA",30.9515750810843,0,1,0,1,0,3,1,"Othr",5,"Typ",2,"TA","Attchd",1941,15.4919333848297,"Y",0,0,32,0,0,0,"MnPrv","None",0,8,2006,"WD","Normal",11.7981044072039
493,"60","RL",105,124.81185841097,"Pave","None","IRG","Lvl","AllPub","Corner","Gtl","Gilbert","Norm","Norm","1Fam","6","5",2006,2006,"Gable","CompShg","VinylSd","None",0,"Gd","TA","PConc","Gd","TA","No","Unf","Unf",0,26.9814751264641,"GasA","Gd","Y","SBrkr",26.9814751264641,0,0,0,2,1,3,1,"TA",8,"Typ",0,"None","Attchd",2006,20.712315177208,"Y",0,0,0,0,0,0,"None","None",0,5,2006,"New","Partial",12.0598033260287
494,"20","RL",70,89.0561620551885,"Pave","None","Reg","Lvl","AllPub","Inside","Gtl","NAmes","Norm","Norm","1Fam","5","6",1960,1960,"Gable","CompShg","Othr","None",0,"TA","TA","CBlock","TA","TA","No","BLQ","Othr",23.0651251893416,19.0525588832576,"GasA","TA","Y","FuseA",35.6230262611138,0,0,0,1,1,3,1,"TA",6,"Typ",1,"Othr","Detchd",1964,17.5499287747842,"Y",0,0,0,0,0,0,"None","None",0,6,2008,"WD","Normal",11.9511803959014
495,"Othr","RM",50,76.0526133673262,"Pave","None","Reg","Lvl","AllPub","Inside","Gtl","OldTown","Othr","Norm","1Fam","5","Othr",1938,1996,"Gable","CompShg","MetalSd","None",0,"TA","TA","BrkTil","Othr","TA","No","Unf","Unf",0,13.7840487520902,"GasA","Gd","Y","FuseA",29.7657521322744,0,0,0,1,0,2,1,"TA",4,"Typ",0,"None","Attchd",1938,16.5227116418583,"Y",12,4.47213595499958,80,0,0,0,"None","None",0,12,2009,"WD","Normal",11.4219060665831
496,"Othr","Othr",60,88.7637313321156,"Pave","None","Reg","Lvl","AllPub","Inside","Gtl","Othr","Norm","Norm","1Fam","4","5",1920,1950,"Gable","CompShg","Wd Sdng","None",0,"TA","TA","CBlock","TA","TA","No","Rec","Unf",0,15,"GasA","TA","N","FuseA",26.8328157299975,0,0,0,1,0,2,1,"TA",4,"Typ",0,"None","None",1985,0,"N",0,22.8691932520585,115,0,0,0,"Othr","None",0,11,2009,"WD","Abnorml",10.4602421081905
497,"20","RL",77.1801016441866,112.658776844061,"Pave","None","IRG","Lvl","AllPub","Inside","Gtl","Othr","Norm","Norm","1Fam","8","5",1992,1993,"Hip","CompShg","Othr","None",0,"Gd","TA","PConc","Gd","TA","No","GLQ","Unf",0,44.3734154646676,"GasA","Ex","Y","SBrkr",56.8154908453672,0,1,0,3,0,4,1,"Gd",10,"Typ",1,"Gd","Attchd",1992,23.3666428910958,"Y",16.2480768092719,8.66025403784439,291,0,0,0,"None","None",0,5,2007,"WD","Normal",12.9715404876697
498,"50","RL",60,95.4986910905066,"Pave","Othr","Reg","Lvl","AllPub","Inside","Gtl","Othr","Norm","Norm","1Fam","7","6",1925,1950,"Gable","CompShg","Wd Sdng","None",0,"TA","Gd","PConc","TA","TA","No","Rec","Unf",0,26.4007575648882,"GasA","Ex","Y","SBrkr",33.6600653594137,0,1,0,2,0,4,1,"TA",8,"Typ",0,"None","Detchd",1925,15.4919333848297,"N",0,10,0,0,0,0,"Othr","None",0,6,2008,"WD","Normal",12.1226910365911
499,"20","RL",65,88.3176086632785,"Pave","None","Reg","Lvl","AllPub","Inside","Gtl","Sawyer","Norm","Norm","1Fam","5","7",1967,2004,"Hip","CompShg","HdBoard","BrkFace",89,"TA","TA","PConc","TA","TA","No","ALQ","Unf",0,20.3469899493758,"GasA","Ex","Y","SBrkr",29.9833287011299,0,0,0,1,0,3,1,"Gd",5,"Typ",0,"None","Attchd",1967,16.9705627484771,"Y",8,0,0,0,0,0,"MnPrv","None",0,6,2009,"WD","Normal",11.7752897294377
500,"20","RL",70,86.8043777697876,"Pave","None","IRG","Lvl","AllPub","Inside","Gtl","NAmes","Norm","Norm","1Fam","5","7",1958,1985,"Gable","CompShg","MetalSd","None",0,"TA","TA","CBlock","TA","TA","No","BLQ","Othr",16.7032930884901,22.8473193175917,"GasA","Othr","Y","SBrkr",30.199337741083,0,0,1,1,0,2,1,"TA",5,"Typ",0,"None","Attchd",1958,17.2336879396141,"Y",3.46410161513775,16.8819430161341,0,0,0,0,"Othr","Othr",480,6,2007,"WD","Normal",11.6952470217642
501,"Othr","RM",21,43.4741302385683,"Pave","None","Reg","Lvl","AllPub","Inside","Gtl","Othr","Norm","Norm","Othr","6","5",1973,1973,"Gable","CompShg","HdBoard","BrkFace",285,"TA","TA","CBlock","TA","TA","No","BLQ","Unf",0,17.7763888346312,"GasA","TA","Y","SBrkr",25.9229627936314,0,0,0,1,1,3,1,"TA",7,"Typ",0,"None","Detchd",1973,16.2480768092719,"Y",12,5.29150262212918,0,0,0,0,"None","None",0,5,2007,"WD","Normal",11.6351430976945
502,"60","Othr",75,99.0101004948485,"Pave","None","Reg","Lvl","AllPub","Inside","Gtl","Somerst","Norm","Norm","1Fam","7","5",2005,2005,"Gable","CompShg","VinylSd","None",0,"Gd","TA","PConc","Gd","TA","No","GLQ","Unf",0,21.5870331449229,"GasA","Gd","Y","SBrkr",29.4278779391243,0,0,0,2,1,3,1,"Gd",7,"Typ",0,"None","Attchd",2005,24.5560583156173,"Y",0,10.3923048454133,0,0,0,0,"None","None",0,2,2008,"WD","Normal",12.3313828364956
503,"20","RL",70,95.7601169589929,"Pave","None","Reg","Lvl","AllPub","Corner","Gtl","Edwards","Feedr","Norm","1Fam","5","7",1965,1965,"Hip","CompShg","MetalSd","None",0,"TA","TA","CBlock","TA","TA","No","ALQ","Othr",9.79795897113271,20.4939015319192,"GasA","Ex","Y","SBrkr",34.8425027803687,0,1,0,1,0,2,1,"TA",6,"Typ",0,"None","Detchd",1965,21.4709105535839,"Y",0,0,184,0,0,0,"Othr","Othr",400,4,2007,"WD","Normal",11.8493977015914
504,"20","RL",100,124.907966119059,"Pave","None","IRG","Lvl","AllPub","Inside","Gtl","Othr","Norm","Norm","1Fam","7","Othr",1959,1997,"Gable","CompShg","Othr","None",0,"TA","TA","CBlock","TA","TA","No","ALQ","Unf",0,15.9373774505092,"GasA","TA","Y","SBrkr",42.4381903478459,0,1,0,2,0,1,1,"TA",6,"Typ",2,"TA","Attchd",1959,22,"Y",0,7.34846922834953,0,0,161,0,"Othr","None",0,3,2010,"WD","Normal",12.5741819670946
505,"Othr","RL",24,48.0416485978573,"Pave","None","Reg","Lvl","AllPub","Inside","Gtl","Othr","Norm","Norm","TwnhsE","6","5",1974,1974,"Gable","CompShg","Plywood","None",0,"TA","TA","CBlock","TA","TA","No","ALQ","Othr",22.248595461287,10.1488915650922,"GasA","TA","Y","SBrkr",29.2403830344269,0,0,1,2,1,3,1,"TA",6,"Typ",1,"Othr","Attchd",1974,20.976176963403,"Y",16.1245154965971,0,0,0,0,0,"None","None",0,6,2009,"WD","Normal",11.8981878657609
506,"Othr","RM",60,87.1550342780037,"Pave","Othr","Reg","Lvl","AllPub","Inside","Gtl","OldTown","Othr","Norm","Othr","5","5",1952,1952,"Hip","CompShg","Wd Sdng","BrkFace",360,"TA","TA","CBlock","TA","TA","No","Unf","Unf",0,30.9838667696593,"GasA","Gd","Y","SBrkr",30.9838667696593,0,0,0,2,0,4,2,"TA",10,"Typ",0,"None","Detchd",1952,20,"N",0,0,0,0,0,0,"None","None",0,7,2009,"Othr","Normal",11.7320609948869
507,"60","RL",80,97.7445650662992,"Pave","None","IRG","Lvl","AllPub","Inside","Gtl","Othr","Norm","Norm","1Fam","8","5",1993,1994,"Gable","CompShg","VinylSd","BrkFace",125,"Gd","TA","PConc","Gd","TA","No","GLQ","Unf",0,19.9248588451713,"GasA","Ex","Y","SBrkr",32.6343377441614,0,0,0,2,1,3,1,"Gd",8,"Typ",1,"TA","Attchd",1993,21.7025344142107,"Y",13.490737563232,9,0,0,0,0,"None","None",0,9,2006,"WD","Normal",12.2783933071098
508,"20","Othr",75,88.6679197906436,"Pave","None","IRG","Lvl","AllPub","Inside","Gtl","Somerst","Norm","Norm","1Fam","6","5",2009,2009,"Gable","CompShg","VinylSd","None",0,"Gd","TA","PConc","Gd","TA","No","GLQ","Unf",0,34.5108678534748,"GasA","Ex","Y","SBrkr",34.8998567332303,0,0,0,2,0,2,1,"Gd",4,"Typ",0,"None","Attchd",2009,26,"Y",0,10.0995049383621,0,0,0,0,"None","None",0,9,2009,"New","Partial",12.2467346272491
509,"Othr","RM",60,97.9795897113271,"Pave","None","Reg","Lvl","AllPub","Inside","Gtl","OldTown","Norm","Norm","1Fam","7","Othr",1928,2005,"Othr","CompShg","MetalSd","None",0,"TA","Othr","BrkTil","TA","TA","No","Rec","Unf",0,23.4093998214393,"GasA","Ex","Y","SBrkr",26.2488094968134,0,0,0,2,0,3,1,"Gd",7,"Typ",1,"Gd","Detchd",1928,18.9736659610103,"N",0,0,116,0,0,0,"None","None",0,10,2008,"WD","Normal",11.9891596439666
510,"20","RL",80,97.9795897113271,"Pave","None","Reg","Lvl","AllPub","Corner","Gtl","NAmes","Norm","Norm","1Fam","5","6",1959,1959,"Gable","CompShg","MetalSd","BrkFace",132,"TA","TA","CBlock","TA","TA","No","ALQ","Unf",0,7.07106781186548,"GasA","Ex","Y","SBrkr",32.2645316098034,0,1,0,1,0,3,1,"TA",6,"Typ",0,"None","Attchd",1959,16.431676725155,"Y",14.9666295470958,9.38083151964686,0,0,0,0,"MnPrv","None",0,7,2009,"WD","Normal",11.7320609948869
511,"20","RL",75,120.660681251185,"Pave","None","Reg","Lvl","AllPub","Inside","Gtl","NAmes","Norm","Norm","1Fam","5","7",1951,2000,"Hip","CompShg","Wd Sdng","None",70,"Gd","TA","CBlock","TA","TA","No","BLQ","Othr",13.4164078649987,13.3416640641263,"GasA","Ex","Y","SBrkr",36.9188298839495,0,1,0,1,0,2,1,"TA",6,"Othr",2,"TA","Othr",1951,16.9705627484771,"Y",18,6.48074069840786,0,0,168,0,"None","Othr",2000,6,2009,"WD","Normal",12.0130945085477
512,"120","RL",40,82.4135911121461,"Pave","None","IRG","Lvl","AllPub","Inside","Gtl","NridgHt","Norm","Norm","TwnhsE","7","5",2005,2006,"Gable","CompShg","VinylSd","Stone",94,"Gd","TA","PConc","Gd","TA","No","Unf","Unf",0,36.9864840178139,"GasA","Ex","Y","SBrkr",36.9864840178139,0,0,0,2,0,2,1,"Gd",6,"Typ",1,"Gd","Attchd",2005,21.7715410570772,"Y",11.4891252930761,5.91607978309962,0,0,0,0,"None","None",0,3,2006,"New","Partial",12.2193096485622
513,"20","RL",70,95.3939201416946,"Pave","None","Reg","Lvl","AllPub","Corner","Gtl","NAmes","Feedr","Norm","1Fam","5","5",1958,1958,"Gable","CompShg","VinylSd","None",0,"TA","TA","CBlock","TA","TA","No","BLQ","Othr",13.1909059582729,13,"GasA","TA","Y","SBrkr",29.3938769133981,0,1,0,1,0,3,1,"TA",5,"Typ",0,"None","Detchd",1964,24.9799919935936,"Y",0,0,0,0,0,0,"None","None",0,7,2006,"WD","Normal",11.7745202026587
514,"20","RL",71,95.8488393252626,"Pave","None","Reg","Othr","AllPub","Corner","Gtl","Othr","Norm","Norm","1Fam","6","5",1983,1983,"Gable","CompShg","VinylSd","None",0,"TA","Gd","PConc","TA","TA","No","ALQ","Unf",0,27.3495886623547,"GasA","TA","Y","SBrkr",32.86335345031,0,0,0,1,1,3,1,"TA",5,"Typ",0,"None","Attchd",1983,22,"Y",10.9544511501033,0,158,0,0,0,"None","None",0,6,2007,"WD","Normal",11.805595078933
515,"Othr","RL",55,102.927158709449,"Pave","None","Reg","Lvl","AllPub","Inside","Gtl","Othr","Norm","Norm","1Fam","5","5",1926,1950,"Gable","CompShg","Wd Sdng","None",0,"TA","TA","BrkTil","TA","TA","No","Unf","Unf",0,27.712812921102,"Othr","Othr","N","SBrkr",28.0891438103763,0,0,0,1,0,2,1,"TA",5,"Typ",0,"None","Detchd",1926,14.142135623731,"Y",0,0,112,0,0,0,"MnPrv","None",0,6,2007,"WD","Normal",11.4772982873271
516,"20","RL",94,110.544108843484,"Pave","None","Reg","Lvl","AllPub","Inside","Gtl","NridgHt","Norm","Norm","1Fam","Othr","5",2009,2009,"Hip","CompShg","Othr","BrkFace",305,"Othr","TA","CBlock","Ex","TA","No","GLQ","Unf",0,23.8746727726266,"GasA","Ex","Y","SBrkr",44.9444101084885,0,1,0,2,1,3,1,"Ex",9,"Typ",1,"Gd","Attchd",2009,30,"Y",12.4899959967968,7.34846922834953,0,0,0,0,"None","None",0,9,2009,"New","Partial",12.9063468682812
517,"Othr","RL",71.272796646307,102.215458713445,"Pave","None","IRG","Lvl","AllPub","Corner","Gtl","Othr","Norm","Norm","1Fam","6","6",1972,1972,"Gable","CompShg","HdBoard","BrkFace",333,"TA","TA","CBlock","TA","TA","No","Unf","Unf",0,26.2488094968134,"GasA","TA","Y","SBrkr",37.1214223865412,0,0,0,2,1,3,1,"TA",7,"Typ",1,"TA","Attchd",1972,24.1453929352993,"Y",0,10.1980390271856,0,0,0,0,"Othr","None",0,8,2009,"Othr","Abnorml",11.9703503120091
518,"60","RL",79,101.034647522521,"Pave","None","IRG","Lvl","AllPub","Inside","Gtl","Othr","Norm","Norm","1Fam","7","5",1996,1997,"Gable","CompShg","VinylSd","BrkFace",921,"Gd","TA","PConc","Gd","TA","No","Unf","Unf",0,35.5527776692624,"GasA","Ex","Y","SBrkr",35.7351367704113,0,0,0,2,1,3,1,"Gd",7,"Typ",1,"TA","Attchd",1996,29.8161030317511,"Y",14.8323969741913,0,0,0,0,0,"None","None",0,7,2009,"WD","Normal",12.4874851049684
519,"60","RL",68.8588043633054,97.6268405716379,"Pave","None","IRG","Lvl","AllPub","CulDSac","Gtl","CollgCr","Norm","Norm","1Fam","6","5",1998,1998,"Gable","CompShg","VinylSd","None",0,"TA","TA","PConc","Gd","TA","Mn","GLQ","Unf",0,9.38083151964686,"GasA","Ex","Y","SBrkr",29.698484809835,0,1,0,2,1,3,1,"TA",7,"Typ",0,"None","Attchd",1998,23.3666428910958,"Y",0,6,0,0,0,0,"MnPrv","None",0,5,2007,"WD","Normal",12.2596134124582
520,"Othr","RL",53,104.489233895172,"Pave","None","Reg","Lvl","AllPub","Inside","Gtl","Othr","Norm","Norm","1Fam","7","Othr",1926,2004,"Othr","CompShg","MetalSd","None",0,"Gd","TA","BrkTil","Gd","TA","No","Unf","Unf",0,35.7211421989835,"GasA","Ex","Y","SBrkr",35.7211421989835,0,0,0,1,1,3,1,"Gd",9,"Typ",2,"Gd","Detchd",1926,16.7928556237467,"Y",0,0,0,0,145,0,"MnPrv","None",0,6,2009,"WD","Normal",12.3630763943398
521,"Othr","RL",60,103.923048454133,"Pave","Othr","Reg","Lvl","AllPub","Inside","Gtl","OldTown","Norm","Norm","Othr","4","7",1900,2000,"Gable","CompShg","MetalSd","None",0,"TA","TA","BrkTil","Othr","Othr","Othr","Othr","Othr",0,0,"GasA","TA","N","FuseA",26.343879744639,0,0,0,2,0,3,2,"TA",7,"Typ",0,"None","None",1937,0,"N",14.8323969741913,10.6770782520313,210,0,0,0,"None","None",0,8,2008,"WD","Normal",11.5735500867867
522,"20","RL",90,109.489725545368,"Pave","None","IRG","Lvl","AllPub","Corner","Gtl","NAmes","Feedr","Norm","1Fam","6","6",1957,1957,"Gable","CompShg","VinylSd","None",0,"TA","TA","CBlock","TA","TA","No","Rec","Unf",0,21.6101827849743,"GasA","Ex","Y","FuseA",35.2703841770968,0,0,0,1,1,3,1,"TA",6,"Typ",2,"Gd","Attchd",1957,18.3303027798234,"Y",0,6.32455532033676,0,0,0,0,"None","None",0,5,2007,"WD","Normal",11.9183905730784
523,"50","RM",50,70.7106781186548,"Pave","None","Reg","Lvl","AllPub","Corner","Gtl","Othr","Feedr","Norm","1Fam","6","7",1947,1950,"Gable","CompShg","Othr","None",0,"TA","Gd","CBlock","TA","TA","No","ALQ","Unf",0,24.5967477524977,"GasA","Ex","Y","SBrkr",31.6859590355097,0,0,0,2,0,3,1,"TA",7,"Typ",2,"Gd","Detchd",1950,20.4939015319192,"Y",0,4.89897948556636,36,0,0,0,"None","None",0,10,2006,"WD","Normal",11.9766594812024
525,"60","RL",95,108.567951072128,"Pave","None","IRG","Lvl","AllPub","Inside","Gtl","Othr","Norm","Norm","1Fam","7","5",1996,1997,"Gable","CompShg","VinylSd","BrkFace",594,"Gd","TA","PConc","Gd","TA","No","GLQ","Unf",0,25.6904651573303,"GasA","Ex","Y","SBrkr",37.1887079635741,0,1,0,2,1,3,1,"Gd",8,"Typ",1,"TA","Attchd",1996,28.8790581563873,"Y",15.4596248337403,7.74596669241483,0,0,0,0,"None","None",0,8,2007,"WD","Normal",12.6627060402127
526,"20","Othr",62,86.6025403784439,"Pave","Othr","Reg","Lvl","AllPub","Inside","Gtl","Somerst","Norm","Norm","1Fam","7","5",2005,2005,"Gable","CompShg","VinylSd","None",0,"Gd","TA","PConc","Gd","TA","No","Unf","Unf",0,35.4541958024717,"GasA","Ex","Y","SBrkr",35.5808937493144,0,0,0,2,0,3,1,"Gd",6,"Typ",1,"TA","Attchd",2005,21.2837966537928,"Y",6.16441400296898,12,0,0,0,0,"None","None",0,4,2006,"WD","Normal",12.0782392740203
527,"20","RL",70,115.325625946708,"Pave","None","Reg","Lvl","AllPub","Inside","Gtl","NAmes","Norm","Norm","1Fam","5","7",1956,2000,"Hip","CompShg","Wd Sdng","None",0,"TA","TA","CBlock","Gd","TA","No","Rec","Unf",0,23.473389188611,"GasA","TA","Y","SBrkr",30.4630924234556,0,0,0,1,0,2,1,"TA",4,"Typ",0,"None","Attchd",1956,15.8745078663875,"Y",16.1554944214035,0,156,0,0,0,"None","None",0,6,2007,"WD","Normal",11.7905572015685
528,"60","RL",67,122.262013724623,"Pave","None","IRG","Lvl","AllPub","Inside","Gtl","NridgHt","Norm","Norm","1Fam","Othr","5",2008,2008,"Hip","CompShg","VinylSd","Stone",268,"Othr","TA","PConc","Ex","TA","Av","GLQ","Unf",0,11.0453610171873,"GasA","Ex","Y","SBrkr",38.4187454245971,0,1,0,2,1,3,1,"Ex",11,"Typ",1,"Gd","Attchd",2008,29.2916370317536,"Y",11.2249721603218,8.12403840463596,0,0,0,0,"None","None",0,11,2008,"New","Partial",13.0086592616321
529,"Othr","RL",58,95.3834367172834,"Pave","None","IRG","Lvl","AllPub","Inside","Gtl","Edwards","Norm","Norm","1Fam","4","7",1920,2002,"Gable","CompShg","Wd Sdng","None",0,"TA","TA","BrkTil","TA","TA","Mn","ALQ","Unf",0,13.4164078649987,"GasA","Ex","Y","SBrkr",24.5967477524977,0,1,0,1,0,2,1,"TA",5,"Typ",0,"None","None",1933,0,"N",0,0,144,0,0,0,"None","None",0,7,2007,"WD","Normal",11.3621025752356
530,"20","RL",129.766699076291,180.742911340943,"Pave","None","IRG","Lvl","AllPub","CulDSac","Gtl","Othr","Norm","Norm","1Fam","6","Othr",1957,1975,"Hip","CompShg","Wd Sdng","BrkFace",261.6724,"Gd","TA","PConc","TA","TA","No","Rec","Unf",0,28.5657137141714,"GasA","TA","Y","SBrkr",50.1497756724793,0,1,0,3,0,4,2,"TA",9,"Othr",2,"TA","Attchd",1975,22,"Y",0,0,200,0,0,0,"None","None",0,3,2007,"WD","Othr",12.2091877884303
531,"Othr","RL",85,100.995049383621,"Pave","None","Reg","Lvl","AllPub","Inside","Gtl","Othr","Norm","Norm","1Fam","6","5",1988,1989,"Gable","CompShg","HdBoard","BrkFace",219,"Gd","TA","CBlock","Gd","TA","Av","GLQ","Unf",0,26.0384331325831,"GasA","Ex","Y","SBrkr",38.8458491991101,0,1,0,2,0,3,1,"Gd",5,"Typ",1,"Othr","Attchd",1988,24.4948974278318,"Y",14.9666295470958,0,0,0,0,0,"None","None",0,8,2008,"WD","Abnorml",12.0725412529057
532,"Othr","RM",60,78.4538080656382,"Pave","None","IRG","Lvl","AllPub","Othr","Gtl","Othr","Othr","Othr","1Fam","6","Othr",1920,1999,"Gable","CompShg","Wd Sdng","None",0,"TA","TA","BrkTil","Othr","Othr","Mn","Unf","Unf",0,24.7184141886165,"GasA","Ex","Y","SBrkr",27.4043792120894,0,0,0,2,0,3,1,"TA",6,"Typ",0,"None","Detchd",1920,22.4053565024081,"Y",0,0,84,0,0,0,"None","None",0,6,2008,"WD","Normal",11.7597855429018
533,"20","RL",60,84.8528137423857,"Pave","None","Reg","Lvl","AllPub","Inside","Gtl","NAmes","Norm","Norm","1Fam","5","7",1955,2007,"Gable","CompShg","VinylSd","None",0,"TA","TA","Othr","Othr","Othr","Othr","Othr","Othr",0,0,"GasA","Ex","Y","SBrkr",28.7576076890968,0,0,0,1,0,2,1,"TA",5,"Othr",1,"Othr","Detchd",1967,19.7989898732233,"Y",0,0,0,0,0,0,"None","None",0,4,2010,"WD","Normal",11.5852461265499
534,"20","RL",50,70.7106781186548,"Pave","None","Reg","Othr","AllPub","Inside","Othr","Othr","Norm","Norm","1Fam","Othr","Othr",1946,1950,"Gable","CompShg","VinylSd","None",0,"Othr","Othr","Othr","Othr","Othr","Othr","Othr","Othr",0,0,"GasA","Othr","N","Othr",18.2756668824971,0,0,0,1,0,1,1,"Othr",2,"Typ",0,"None","None",1916,0,"N",0,0,0,0,0,0,"None","None",0,1,2007,"WD","Normal",10.5789797978574
535,"60","RL",74,95.1630180269625,"Pave","None","IRG","Lvl","AllPub","Inside","Gtl","Gilbert","Norm","Norm","1Fam","8","5",2004,2004,"Gable","CompShg","VinylSd","None",0,"Gd","TA","PConc","Ex","Othr","Av","Unf","Unf",0,26.5894716006167,"GasA","Ex","Y","SBrkr",26.5894716006167,0,0,0,2,1,3,1,"Gd",6,"Typ",1,"Gd","Attchd",2004,20.0748598998847,"Y",10,5.91607978309962,0,0,0,0,"None","None",0,10,2006,"WD","Normal",12.0895388292742
536,"Othr","RL",70,83.6660026534076,"Pave","None","Reg","Lvl","AllPub","Inside","Gtl","Edwards","Norm","Norm","Othr","5","7",1910,1991,"Gable","CompShg","MetalSd","None",0,"TA","TA","CBlock","Gd","TA","Gd","GLQ","Unf",0,12.1655250605964,"GasA","TA","Y","SBrkr",28.6356421265527,0,1,0,1,0,3,1,"TA",5,"Typ",0,"None","None",1988,0,"N",9.21954445729289,0,148,0,0,0,"None","None",0,1,2008,"WD","Normal",11.5852461265499
537,"60","RL",57,94.4669254289563,"Pave","None","IRG","Lvl","AllPub","CulDSac","Gtl","CollgCr","Norm","Norm","1Fam","7","5",1998,1999,"Gable","CompShg","VinylSd","None",0,"TA","TA","PConc","Gd","TA","Av","Unf","Unf",0,29.6647939483827,"GasA","Ex","Y","SBrkr",29.6647939483827,0,0,0,2,1,3,1,"Gd",8,"Typ",0,"None","Attchd",1998,22.956480566498,"Y",10.9544511501033,12.4498995979887,0,0,0,0,"None","None",0,7,2008,"WD","Normal",12.1441972418121
538,"20","RL",77.2932986650907,112.849457242824,"Pave","None","IRG","Lvl","AllPub","Othr","Gtl","NAmes","Norm","Norm","1Fam","4","5",1972,1972,"Hip","CompShg","MetalSd","None",0,"TA","TA","CBlock","TA","TA","No","BLQ","Unf",0,16.2480768092719,"GasA","TA","Y","SBrkr",29.3938769133981,0,0,0,1,0,3,1,"TA",5,"Typ",0,"None","Detchd",1980,24,"Y",14.6969384566991,0,0,0,0,0,"Othr","None",0,4,2008,"Othr","Normal",11.6195352000285
539,"20","RL",74.1816968346568,107.484882657981,"Pave","None","IRG","Lvl","AllPub","Inside","Gtl","Sawyer","Norm","Norm","1Fam","5","5",1968,1968,"Hip","CompShg","Plywood","BrkFace",188,"TA","TA","CBlock","TA","TA","No","BLQ","Unf",0,19.4422220952236,"GasA","TA","Y","SBrkr",34.0440890610984,0,0,0,1,1,3,1,"TA",7,"Typ",1,"Othr","Attchd",1968,18.3303027798234,"Y",21.5870331449229,0,0,0,0,0,"None","None",0,7,2006,"WD","Normal",11.9703503120091
540,"20","RL",73.8394732830862,106.878435617294,"Pave","None","Reg","Lvl","AllPub","Inside","Gtl","CollgCr","Norm","Norm","1Fam","8","5",2001,2002,"Gable","CompShg","VinylSd","BrkFace",479,"Gd","TA","PConc","Gd","TA","Av","GLQ","Unf",0,14.9331845230681,"GasA","Ex","Y","SBrkr",40.0124980474851,0,1,0,2,0,3,1,"Gd",6,"Typ",1,"TA","Attchd",2001,25.8843582110896,"Y",13.4164078649987,0,0,0,0,0,"MnPrv","Othr",2000,5,2010,"WD","Normal",12.5135573452781
541,"20","RL",85,120.834597694534,"Pave","None","Reg","Lvl","AllPub","Inside","Gtl","Othr","Norm","Norm","1Fam","Othr","5",2006,2006,"Hip","CompShg","VinylSd","BrkFace",584,"Othr","TA","PConc","Ex","TA","Av","GLQ","Unf",0,24.0416305603426,"GasA","Ex","Y","SBrkr",42.871902220452,0,1,0,2,0,2,1,"Ex",8,"Typ",1,"Gd","Attchd",2006,27.6586333718787,"Y",16.431676725155,8.24621125123532,0,0,0,0,"None","None",0,3,2009,"WD","Normal",12.6603279178078
542,"60","RL",72.7259304960528,104.880884817015,"Pave","None","Reg","Lvl","AllPub","Othr","Gtl","Othr","Norm","Norm","1Fam","8","5",2000,2000,"Gable","CompShg","VinylSd","BrkFace",72,"Gd","TA","PConc","Gd","TA","No","Unf","Unf",0,31.1287648325468,"GasA","Ex","Y","SBrkr",31.5753068076939,0,0,0,2,1,4,1,"Gd",8,"Typ",1,"TA","BuiltIn",2000,25.4558441227157,"Y",0,7.48331477354788,0,0,0,0,"None","None",0,6,2007,"WD","Normal",12.4211840251471
543,"20","RL",78,100.697567001393,"Pave","None","Reg","Lvl","AllPub","Inside","Gtl","Othr","Othr","Norm","1Fam","7","5",1998,1999,"Hip","CompShg","VinylSd","None",0,"Gd","TA","PConc","Ex","TA","No","LwQ","Othr",33.570820663189,19.4679223339318,"GasA","Ex","Y","SBrkr",40.9878030638384,0,1,0,2,0,3,1,"Gd",7,"Othr",1,"TA","Attchd",1998,24.1453929352993,"Y",8.83176086632785,8.54400374531753,0,0,0,0,"None","None",0,6,2009,"WD","Normal",12.2702204653539
544,"120","Othr",34,63.7024332345319,"Pave","None","Reg","Lvl","AllPub","Inside","Gtl","NAmes","Norm","Norm","TwnhsE","7","5",1998,1998,"Gable","CompShg","MetalSd","BrkFace",182,"TA","TA","PConc","Gd","TA","Av","GLQ","Othr",11.7898261225516,0,"GasA","Ex","Y","SBrkr",27.6947648482525,0,1,0,1,0,1,1,"TA",4,"Typ",0,"None","Attchd",1998,19.157244060668,"Y",10.9544511501033,6.32455532033676,0,0,0,0,"None","None",0,6,2007,"WD","Normal",11.7981044072039
545,"60","RL",58,130.782261794175,"Pave","None","IRG","Lvl","AllPub","Inside","Gtl","Gilbert","Norm","Norm","1Fam","7","5",2006,2006,"Gable","CompShg","VinylSd","None",0,"Gd","TA","PConc","Gd","Othr","Av","GLQ","Unf",0,10,"GasA","Ex","Y","SBrkr",25.7681974534503,0,1,0,2,1,3,1,"Gd",7,"Typ",1,"Gd","Attchd",2006,20.6397674405503,"Y",10,4.89897948556636,0,0,0,0,"None","None",0,9,2006,"New","Partial",12.0988492847421
546,"50","RL",80.1943013868658,117.630778285277,"Pave","None","IRG","Lvl","AllPub","Corner","Gtl","Othr","Norm","Norm","1Fam","7","5",1988,1988,"Gable","CompShg","HdBoard","BrkFace",178,"Gd","Gd","PConc","Gd","Othr","No","GLQ","Othr",14.2126704035519,0,"GasA","Gd","Y","SBrkr",37.1079506305589,0,0,0,2,1,4,1,"Gd",9,"Typ",0,"None","Attchd",1988,28.0356915377524,"Y",0,0,0,0,0,0,"None","None",0,2,2006,"WD","Normal",12.3414772825364
547,"50","RL",70,93.4719209174606,"Pave","None","IRG","Othr","AllPub","Inside","Gtl","Othr","Norm","Norm","1Fam","6","7",1923,1950,"Gable","CompShg","Othr","None",0,"TA","TA","BrkTil","Gd","TA","No","Rec","Unf",0,27.6586333718787,"GasA","Ex","Y","FuseA",30.2489669245083,0,0,0,1,1,3,1,"TA",6,"Typ",1,"Gd","Detchd",1950,20.976176963403,"Y",0,6.16441400296898,0,144,0,0,"None","None",0,5,2007,"WD","Normal",12.2548628096996
548,"Othr","RL",54,85.1116913238128,"Pave","None","Reg","Lvl","AllPub","Inside","Gtl","Othr","Norm","Norm","1Fam","5","7",1970,1970,"Gable","CompShg","VinylSd","None",0,"TA","Gd","CBlock","Gd","TA","Av","ALQ","Unf",0,12.2065556157337,"GasA","Ex","Y","SBrkr",27.712812921102,0,1,0,1,0,2,1,"TA",5,"Typ",0,"None","Detchd",1987,24.9799919935936,"Y",10.1980390271856,0,0,0,0,0,"None","None",0,4,2007,"WD","Normal",11.7714361601217
549,"20","RM",49,90.746900773525,"Pave","None","IRG","Othr","AllPub","Inside","Gtl","OldTown","Feedr","Othr","1Fam","5","7",1955,1995,"Gable","CompShg","MetalSd","None",0,"TA","Gd","CBlock","TA","TA","No","LwQ","Othr",25.3968501984006,0,"GasA","TA","Y","SBrkr",28.7228132326901,0,1,0,1,0,2,1,"TA",4,"Typ",0,"None","Detchd",1963,26.8328157299975,"Y",11.8321595661992,7.07106781186548,0,0,0,0,"MnPrv","None",0,6,2008,"WD","Normal",11.7360690162844
550,"60","Othr",75,96.8245836551854,"Pave","None","Reg","Lvl","AllPub","Inside","Gtl","Somerst","Norm","Norm","1Fam","7","5",2003,2004,"Gable","CompShg","VinylSd","None",0,"Gd","TA","PConc","Gd","TA","No","Unf","Unf",0,30.199337741083,"GasA","Ex","Y","SBrkr",30.199337741083,0,0,0,2,1,4,1,"Gd",8,"Typ",1,"Gd","BuiltIn",2003,24.7991935352745,"Y",13.490737563232,13.490737563232,0,0,0,0,"None","None",0,11,2009,"WD","Normal",12.4799093111599
551,"120","RL",53,63.5845893279181,"Pave","None","Reg","Lvl","AllPub","Inside","Gtl","Othr","Norm","Norm","TwnhsE","6","6",1977,1977,"Gable","CompShg","Plywood","None",0,"TA","TA","CBlock","Gd","TA","No","ALQ","Unf",0,22.5831795812724,"GasA","TA","Y","SBrkr",32.6955654485436,0,0,0,2,0,2,1,"TA",4,"Typ",0,"None","Attchd",1977,20.976176963403,"Y",0,7.41619848709566,0,0,200,0,"None","None",0,10,2008,"Othr","Abnorml",11.8493977015914
552,"20","RM",50,77.4596669241483,"Pave","None","Reg","Lvl","AllPub","Inside","Gtl","OldTown","Norm","Norm","1Fam","5","6",1957,1957,"Hip","CompShg","Othr","None",0,"TA","TA","CBlock","TA","TA","No","Rec","Unf",0,24.8997991959775,"GasA","Gd","Y","FuseA",30.4630924234556,0,0,0,1,0,3,1,"TA",5,"Typ",0,"None","Attchd",1957,16.9705627484771,"Y",0,0,0,0,0,0,"None","None",0,6,2008,"WD","Normal",11.6307085006266
553,"20","RL",87,105.574618161753,"Pave","None","IRG","Lvl","AllPub","Inside","Gtl","NridgHt","Norm","Norm","1Fam","8","5",2006,2006,"Gable","CompShg","VinylSd","Stone",250,"Gd","TA","PConc","Ex","TA","Av","Unf","Unf",0,41.3400532171888,"GasA","Ex","Y","SBrkr",41.4366987102013,0,0,0,2,0,3,1,"Gd",7,"Typ",1,"Gd","Attchd",2006,30.1330383466387,"Y",13,6.2449979983984,0,0,0,0,"None","None",0,7,2009,"WD","Normal",12.4509776886259
554,"20","RL",67,93.6856445780249,"Pave","None","Reg","Lvl","AllPub","Inside","Gtl","Edwards","Feedr","Norm","1Fam","4","5",1949,2003,"Gable","CompShg","VinylSd","None",0,"TA","TA","CBlock","Othr","Othr","Othr","Othr","Othr",0,0,"GasA","Ex","Y","SBrkr",33.555923471125,0,0,0,2,0,2,1,"Gd",5,"Typ",0,"None","Detchd",2002,22.8035085019828,"N",0,9.79795897113271,0,0,0,0,"MnPrv","None",0,5,2009,"WD","Normal",11.5898865061064
555,"60","RL",85,103.077640640442,"Pave","None","Reg","Lvl","AllPub","Inside","Gtl","NridgHt","Norm","Norm","1Fam","7","5",2003,2004,"Gable","CompShg","VinylSd","BrkFace",292,"Gd","TA","PConc","Gd","TA","No","GLQ","Unf",0,11.4891252930761,"GasA","Ex","Y","SBrkr",31.7175030543074,0,1,0,2,1,3,1,"Gd",8,"Typ",1,"Gd","BuiltIn",2003,29.5127091267474,"Y",17.8885438199983,7.87400787401181,0,0,0,0,"None","None",0,8,2008,"WD","Normal",12.5567295171433
556,"Othr","RM",58,79.8749021908634,"Pave","None","Reg","Lvl","AllPub","Inside","Gtl","Othr","Norm","Norm","1Fam","5","6",1922,1950,"Gable","CompShg","MetalSd","None",0,"TA","TA","BrkTil","TA","Othr","No","Unf","Unf",0,31.5119025131775,"GasA","TA","Y","FuseA",32.3728281124773,0,0,0,1,0,2,1,"TA",5,"Typ",1,"Gd","Detchd",1922,16.7332005306815,"Y",0,0,116,0,0,0,"None","None",0,8,2006,"WD","Normal",11.6351430976945
557,"20","RL",69,121.860576069539,"Pave","None","IRG","Lvl","AllPub","Inside","Gtl","NAmes","Norm","Norm","1Fam","5","5",1957,1957,"Gable","CompShg","Wd Sdng","None",0,"TA","TA","CBlock","TA","TA","No","Rec","Unf",0,14.0356688476182,"GasA","TA","Y","FuseA",33.0454232837166,0,1,0,1,0,2,1,"TA",6,"Typ",1,"TA","Attchd",1957,17.2916164657906,"Y",16.3707055437449,0,0,0,122,0,"Othr","None",0,5,2006,"WD","Normal",11.8565151693603
558,"50","Othr",60,105.07140429251,"Pave","None","Reg","Othr","AllPub","Inside","Othr","Othr","Norm","Norm","1Fam","4","6",1920,1950,"Gable","CompShg","MetalSd","None",0,"TA","TA","CBlock","TA","TA","No","Rec","Unf",0,0,"GasA","Gd","Y","SBrkr",29.9499582637439,0,0,0,1,1,3,1,"TA",7,"Typ",0,"None","Othr",1994,23.8746727726266,"Y",0,6.85565460040104,120,0,0,0,"None","None",0,9,2006,"Othr","Normal",11.5898865061064
559,"60","RL",57,147.891852378689,"Pave","None","IRG","Othr","AllPub","Othr","Gtl","Gilbert","Norm","Norm","1Fam","7","5",1996,1997,"Gable","CompShg","HdBoard","None",0,"TA","TA","PConc","Gd","TA","Gd","GLQ","Unf",0,11.1803398874989,"GasA","Ex","Y","SBrkr",27,0,0,1,2,1,3,1,"TA",6,"Typ",1,"TA","Attchd",1996,20.1494416796099,"Y",16.2480768092719,4.69041575982343,0,0,0,0,"None","None",0,8,2008,"WD","Normal",12.0725412529057
560,"120","RL",52.181987446386,56.5331761004103,"Pave","None","Reg","Lvl","AllPub","Inside","Gtl","Othr","Norm","Norm","TwnhsE","7","5",2003,2004,"Gable","CompShg","VinylSd","BrkFace",18,"Gd","TA","PConc","Gd","TA","Gd","Unf","Unf",0,37.0675059857013,"GasA","Ex","Y","SBrkr",39.4588393138977,0,0,0,2,0,2,1,"Gd",7,"Typ",1,"TA","Attchd",2003,20.4939015319192,"Y",11.9582607431014,4.47213595499958,0,0,0,0,"None","None",0,10,2006,"WD","Normal",12.3630763943398
561,"20","RL",73.6236091967109,106.494131293701,"Pave","None","IRG","Lvl","AllPub","Inside","Gtl","Sawyer","Norm","Norm","1Fam","5","6",1957,1996,"Hip","CompShg","Wd Sdng","BrkFace",180,"TA","TA","CBlock","Gd","TA","No","ALQ","Unf",0,9.48683298050514,"GasA","TA","Y","SBrkr",37.3095162123553,0,1,0,1,1,3,1,"TA",5,"Othr",1,"Gd","Detchd",1957,22.9782505861521,"Y",0,0,0,0,95,0,"None","None",0,5,2010,"WD","Normal",11.7076695417627
562,"20","RL",77,100.049987506246,"Pave","None","Reg","Lvl","AllPub","Inside","Othr","Othr","Norm","Norm","1Fam","5","5",1974,1975,"Gable","CompShg","HdBoard","None",0,"TA","TA","CBlock","Gd","TA","Av","ALQ","Othr",11.0905365064094,13.9642400437689,"GasA","Gd","Y","SBrkr",37.2692903071684,0,1,0,1,0,2,1,"TA",6,"Typ",1,"TA","Attchd",1975,20.4450483002609,"Y",15.4919333848297,6.16441400296898,0,0,0,0,"None","None",0,4,2006,"WD","Normal",12.0435537160324
563,"Othr","RL",63,117.927944101472,"Pave","None","Reg","Lvl","AllPub","Inside","Gtl","Edwards","Norm","Norm","1Fam","5","6",1940,1969,"Gable","CompShg","Othr","None",0,"TA","TA","CBlock","TA","TA","No","BLQ","Unf",0,26.5706605111728,"GasA","Ex","Y","SBrkr",31.559467676119,0,1,0,1,0,3,1,"TA",6,"Typ",1,"Gd","None",2010,0,"Y",12,0,0,0,0,0,"None","None",0,7,2008,"WD","Normal",11.5898865061064
564,"50","RL",66,147.580486514986,"Pave","None","Reg","Lvl","AllPub","Inside","Gtl","Edwards","Norm","Norm","1Fam","6","7",1918,1950,"Gable","CompShg","Wd Sdng","None",0,"TA","TA","BrkTil","Gd","TA","Mn","Unf","Unf",0,34.1027858099599,"GasA","Ex","Y","SBrkr",34.1027858099599,0,0,0,2,0,4,1,"TA",8,"Typ",1,"Gd","Detchd",1955,19.8997487421324,"N",8.48528137423857,6,0,0,144,0,"None","None",0,7,2008,"WD","Normal",12.1281111040605
565,"60","RL",78.9017493574723,115.524889093217,"Pave","None","IRG","Lvl","AllPub","CulDSac","Gtl","Othr","Norm","Norm","1Fam","7","5",1992,2000,"Gable","CompShg","HdBoard","None",0,"Gd","TA","PConc","Gd","TA","No","GLQ","Unf",0,19.157244060668,"GasA","Ex","Y","SBrkr",34.1467421579277,0,1,0,2,1,4,1,"Gd",9,"Typ",1,"TA","Attchd",1992,24.2899156029822,"Y",0,6.32455532033676,0,0,0,0,"None","None",0,7,2006,"WD","Normal",12.498742259493
566,"Othr","RL",66,82.8130424510536,"Pave","None","Reg","Othr","AllPub","Corner","Gtl","Othr","Norm","Norm","1Fam","6","Othr",1915,1950,"Gable","CompShg","Wd Sdng","None",0,"TA","TA","PConc","Gd","TA","No","Unf","Unf",0,28.3901391331568,"GasA","TA","N","Othr",29,0,1,0,1,1,4,1,"Othr",6,"Typ",0,"None","Detchd",1920,14.6969384566991,"Y",0,8.12403840463596,136,0,0,0,"None","None",0,5,2010,"WD","Normal",11.7597855429018
567,"60","RL",77,105.820602908885,"Pave","None","IRG","Lvl","AllPub","Inside","Gtl","Othr","Norm","Norm","1Fam","Othr","5",2005,2007,"Hip","CompShg","VinylSd","BrkFace",245,"Gd","TA","PConc","Gd","Othr","No","Unf","Unf",0,33.4962684488885,"GasA","Ex","Y","SBrkr",33.6749164809655,0,0,0,2,1,4,1,"Ex",11,"Typ",1,"Gd","BuiltIn",2005,25.6124969497314,"Y",12,6.2449979983984,0,0,0,0,"None","None",0,6,2008,"WD","Normal",12.6915804613119
568,"20","RL",70,100.851375796268,"Pave","None","IRG","Lvl","AllPub","Inside","Gtl","NridgHt","Norm","Norm","1Fam","7","5",2004,2004,"Gable","CompShg","VinylSd","BrkFace",168,"Gd","TA","PConc","Gd","TA","No","GLQ","Unf",0,38.9230009120571,"GasA","Ex","Y","SBrkr",39.1790760483195,0,0,0,2,0,3,1,"Gd",7,"Typ",0,"None","Attchd",2004,23.0651251893416,"Y",0,0,0,0,0,0,"None","None",0,3,2010,"WD","Normal",12.273731294004
569,"50","RL",79,111.027023737467,"Pave","None","IRG","Othr","AllPub","Inside","Othr","Othr","Norm","Norm","1Fam","8","Othr",1983,2009,"Gable","CompShg","Wd Sdng","None",0,"Gd","TA","CBlock","Gd","TA","Gd","GLQ","Unf",0,7.41619848709566,"GasA","Ex","Y","SBrkr",38.6781592116274,0,1,0,1,1,1,1,"Gd",5,"Othr",1,"Gd","BuiltIn",1983,24.738633753706,"Y",18.6815416922694,6.32455532033676,0,0,0,0,"None","None",0,9,2009,"WD","Normal",12.665394426429
570,"Othr","RL",62.2802147065759,83.8570211729465,"Pave","None","IRG","Lvl","AllPub","Corner","Gtl","NAmes","Norm","Norm","Othr","5","5",1979,1979,"Gable","CompShg","MetalSd","None",0,"TA","TA","CBlock","Gd","TA","Gd","GLQ","Unf",0,0,"GasA","TA","Y","SBrkr",30.7083050655682,0,1,0,1,0,2,1,"TA",4,"Typ",2,"TA","Detchd",1979,24.4948974278318,"Y",6.48074069840786,0,0,0,0,0,"None","None",0,12,2006,"WD","Normal",11.8201160038101
571,"Othr","RL",74,114.459599859514,"Pave","None","IRG","Lvl","AllPub","Inside","Gtl","NAmes","Norm","Norm","Othr","5","5",1965,1965,"Gable","CompShg","HdBoard","BrkFace",108,"TA","TA","CBlock","TA","TA","No","LwQ","Unf",0,38.6910842443062,"GasA","TA","Y","SBrkr",41.5692193816531,0,0,0,2,0,6,2,"TA",10,"Typ",0,"None","Detchd",1987,24,"Y",0,0,0,0,0,0,"None","None",0,11,2008,"WD","Normal",11.8677987869623
572,"20","RL",60,85.6270985144306,"Pave","None","Reg","Lvl","AllPub","Inside","Gtl","NAmes","Norm","Norm","1Fam","6","6",1959,1959,"Gable","CompShg","Othr","BrkFace",207,"TA","TA","CBlock","TA","TA","No","BLQ","Unf",0,21.2132034355964,"GasA","Ex","Y","SBrkr",29.3938769133981,0,1,0,1,0,2,1,"Gd",4,"Typ",0,"None","Attchd",1959,16.9705627484771,"Y",12.9614813968157,0,0,0,0,0,"None","None",0,10,2006,"WD","Abnorml",11.6952470217642
573,"60","RL",83,114.712684564524,"Pave","None","IRG","Othr","AllPub","Corner","Gtl","Othr","Norm","Norm","1Fam","7","5",2009,2009,"Gable","CompShg","VinylSd","None",0,"TA","TA","PConc","Ex","TA","Av","Unf","Unf",0,29.086079144498,"GasA","Gd","Y","SBrkr",29.086079144498,0,0,0,2,1,3,1,"Gd",6,"Typ",0,"None","Attchd",2009,25.4950975679639,"Y",14.422205101856,10.6770782520313,0,0,0,0,"None","None",0,7,2009,"New","Partial",12.3216309861644
574,"Othr","RL",76,99.8348636499294,"Pave","None","IRG","Lvl","AllPub","Inside","Gtl","Gilbert","Norm","Norm","1Fam","7","5",2000,2000,"Gable","CompShg","VinylSd","None",0,"TA","TA","PConc","Gd","TA","No","Unf","Unf",0,19.5959179422654,"GasA","Ex","Y","SBrkr",27.8208554864871,0,0,0,2,1,3,1,"TA",8,"Typ",1,"TA","BuiltIn",2000,20,"Y",10,0,0,0,0,0,"None","None",0,12,2007,"WD","Normal",12.0435537160324
575,"Othr","RL",70,102.469507659596,"Pave","None","Reg","Lvl","AllPub","Othr","Gtl","NAmes","Norm","Norm","1Fam","5","7",1971,2005,"Othr","CompShg","MetalSd","BrkFace",82,"TA","TA","CBlock","TA","TA","Av","ALQ","Unf",0,4.79583152331272,"GasA","TA","Y","SBrkr",24,0,0,1,1,0,3,1,"TA",5,"Typ",0,"None","BuiltIn",1971,16.9705627484771,"Y",5.91607978309962,0,0,0,0,0,"Othr","None",0,12,2007,"WD","Normal",11.8422292121128
576,"50","RL",80,92.0869154657707,"Pave","None","Reg","Lvl","AllPub","Inside","Gtl","NAmes","Norm","Norm","1Fam","5","5",1947,1950,"Gable","CompShg","MetalSd","None",0,"TA","TA","CBlock","TA","TA","No","Rec","Unf",0,19.7484176581315,"GasA","TA","Y","SBrkr",28.8444102037119,0,0,0,1,0,2,1,"TA",6,"Typ",0,"None","Detchd",1947,18.3303027798234,"Y",12.5698050899765,0,102,0,0,0,"None","None",0,10,2008,"Othr","Abnorml",11.6826682395573
577,"50","RL",52,79.3221280602078,"Pave","None","Reg","Lvl","AllPub","Inside","Gtl","Othr","Norm","Norm","1Fam","7","7",1928,1950,"Gable","CompShg","Wd Sdng","None",0,"TA","TA","BrkTil","TA","TA","No","Unf","Unf",0,29.3428015022424,"GasA","Gd","Y","SBrkr",29.6141857899217,0,0,1,2,0,3,1,"TA",6,"Typ",1,"Gd","Detchd",1928,14.6969384566991,"Y",0,7.07106781186548,0,0,0,0,"None","None",0,8,2009,"WD","Normal",11.8844890214027
578,"Othr","RL",96,108.521887193322,"Pave","None","IRG","Lvl","AllPub","Inside","Gtl","Sawyer","Norm","Norm","1Fam","5","6",1966,1966,"Gable","CompShg","VinylSd","BrkFace",97,"TA","TA","CBlock","TA","TA","Av","LwQ","Othr",23.473389188611,16.8819430161341,"GasA","Ex","Y","SBrkr",36.3318042491699,0,1,0,1,0,3,1,"TA",6,"Typ",2,"Othr","Attchd",1966,23.7486841740758,"Y",12.6491106406735,8.24621125123532,240,0,0,0,"None","None",0,5,2006,"WD","Abnorml",12.0106658491876
579,"Othr","Othr",34,60.0333240792145,"Pave","Othr","Reg","Lvl","AllPub","Corner","Gtl","Somerst","Norm","Norm","TwnhsE","7","5",2007,2007,"Gable","CompShg","VinylSd","None",0,"Gd","TA","PConc","Gd","TA","No","Unf","Unf",0,26.2488094968134,"GasA","Ex","Y","SBrkr",26.5141471671257,0,0,0,2,0,2,1,"Gd",5,"Typ",0,"None","Detchd",2007,23.2379000772445,"Y",0,10.0995049383621,0,0,0,0,"None","None",0,2,2008,"WD","Abnorml",11.8913619006905
580,"50","RM",81,110.227038425243,"Pave","Othr","Reg","Lvl","AllPub","Inside","Gtl","OldTown","Norm","Norm","1Fam","5","5",1954,1954,"Gable","CompShg","MetalSd","BrkFace",335,"TA","TA","BrkTil","TA","TA","No","Unf","Unf",0,32.4037034920393,"GasA","Ex","N","Othr",32.4037034920393,0,0,0,2,0,4,1,"TA",7,"Typ",0,"None","Attchd",1954,18.7616630392937,"Y",0,0,0,0,0,0,"None","None",0,11,2008,"WD","Normal",11.7867621306
581,"20","RL",82.1634030528256,120.768373343355,"Pave","None","IRG","Lvl","AllPub","CulDSac","Gtl","NAmes","Norm","Norm","1Fam","6","6",1960,1987,"Gable","CompShg","Wd Sdng","BrkFace",85,"TA","TA","CBlock","TA","TA","No","BLQ","Othr",14.7986485869487,18.1934053986603,"GasA","Ex","Y","SBrkr",37.8021163428716,0,0,1,1,0,3,1,"Gd",7,"Typ",2,"Gd","Attchd",1960,23.9165214862028,"Y",14.6969384566991,10.4880884817015,0,0,0,0,"None","None",0,6,2007,"WD","Normal",12.1112123645062
582,"20","RL",98,112.712022428843,"Pave","None","Reg","Lvl","AllPub","Inside","Gtl","NridgHt","Norm","Norm","1Fam","8","5",2008,2009,"Hip","CompShg","VinylSd","BrkFace",306,"Othr","TA","PConc","Ex","TA","No","Unf","Unf",0,45.18849411078,"GasA","Ex","Y","SBrkr",45.18849411078,0,0,0,2,1,3,1,"Ex",8,"Typ",1,"Gd","Attchd",2009,37.2827037646145,"Y",0,9.48683298050514,0,0,0,0,"None","None",0,8,2009,"New","Partial",12.4423022003927
583,"Othr","RL",81,108.816359064251,"Othr","None","Reg","Lvl","AllPub","Inside","Gtl","Edwards","Norm","Norm","Othr","6","5",1990,1990,"Gable","CompShg","HdBoard","BrkFace",104,"TA","Gd","CBlock","Gd","TA","Av","GLQ","Unf",0,0,"GasA","TA","Y","SBrkr",28.5657137141714,0,1,0,1,0,3,1,"TA",5,"Typ",0,"None","None",1995,0,"Y",0,5.65685424949238,0,0,0,0,"None","None",0,5,2007,"WD","Normal",11.6826682395573
584,"Othr","RM",75,116.189500386223,"Pave","None","Reg","Lvl","AllPub","Inside","Gtl","OldTown","Othr","Othr","1Fam","Othr","Othr",1893,2000,"Gable","CompShg","Wd Sdng","None",0,"Othr","Othr","BrkTil","TA","TA","No","Unf","Unf",0,35.1710107901379,"GasA","Gd","Y","SBrkr",39,0,0,0,3,1,3,1,"Gd",9,"Typ",1,"Gd","Detchd",1988,29.6647939483827,"Y",10.2469507659596,22.4053565024081,0,0,0,0,"None","None",0,7,2008,"WD","Normal",12.6915804613119
585,"50","RM",51,78.2304288624318,"Pave","None","Reg","Lvl","AllPub","Inside","Gtl","Othr","Norm","Norm","1Fam","4","7",1935,1995,"Gable","CompShg","Othr","None",0,"TA","TA","BrkTil","TA","TA","No","Unf","Unf",0,29.732137494637,"GasA","Ex","Y","SBrkr",31.4483703870328,0,0,0,1,0,3,1,"Gd",6,"Typ",0,"None","Detchd",1935,15.4919333848297,"Y",0,0,54,0,120,0,"None","None",0,7,2009,"WD","Normal",11.7981044072039
586,"20","RL",88,106.971958942519,"Pave","None","Reg","Lvl","AllPub","Inside","Gtl","Othr","Norm","Norm","1Fam","8","5",2005,2006,"Hip","CompShg","VinylSd","BrkFace",208,"Gd","TA","PConc","Ex","TA","Gd","GLQ","Unf",0,20.1990098767242,"GasA","Ex","Y","SBrkr",45.0333209967908,0,1,0,2,0,2,1,"Gd",7,"Typ",2,"Gd","Attchd",2005,29.6647939483827,"Y",18.0554700852678,8.12403840463596,0,0,0,0,"None","None",0,3,2006,"New","Partial",12.8209879778205
587,"Othr","RL",55,101.326205889691,"Pave","None","Reg","Lvl","AllPub","Inside","Gtl","Othr","Othr","Norm","1Fam","6","7",1918,2000,"Gable","CompShg","Othr","None",0,"TA","Gd","BrkTil","TA","Othr","Mn","Rec","Othr",24.6170672501823,0,"GasA","Ex","Y","SBrkr",28.9482296522603,0,1,0,1,0,2,1,"Othr",5,"Typ",0,"None","Detchd",1961,16.583123951777,"N",0,0,112,0,0,0,"Othr","None",0,5,2008,"WD","Normal",11.7752897294377
588,"Othr","RL",74,93.4879671401619,"Pave","None","IRG","Lvl","AllPub","Inside","Gtl","Sawyer","Norm","Norm","1Fam","5","6",1982,1982,"Hip","CompShg","HdBoard","None",0,"TA","TA","CBlock","TA","TA","Av","ALQ","Unf",0,12.9614813968157,"GasA","TA","Y","SBrkr",29.3257565972304,0,1,0,1,0,2,1,"TA",4,"Typ",0,"None","Detchd",1996,22.9782505861521,"Y",0,0,0,0,0,0,"None","None",0,7,2009,"WD","Normal",11.8277362048103
590,"Othr","RM",50,95.3939201416946,"Pave","None","Reg","Lvl","AllPub","Inside","Gtl","Othr","Othr","Othr","1Fam","5","6",1930,1960,"Gable","CompShg","VinylSd","None",0,"TA","TA","BrkTil","TA","TA","No","Unf","Unf",0,27.2396769437525,"GasA","TA","Y","FuseA",27.9105714739057,156,0,0,1,0,2,1,"TA",4,"Typ",0,"None","Detchd",1988,17.5499287747842,"Othr",0,0,0,0,0,0,"None","Othr",600,8,2008,"WD","Normal",11.2835123006424
591,"60","RL",64,91.214034007931,"Pave","None","Reg","Lvl","AllPub","Inside","Gtl","CollgCr","Norm","Norm","1Fam","7","5",2004,2004,"Gable","CompShg","VinylSd","None",0,"Gd","TA","PConc","Gd","TA","No","GLQ","Unf",0,16.7332005306815,"GasA","Ex","Y","SBrkr",27.7488738510232,0,0,0,2,1,3,1,"Gd",6,"Typ",0,"None","Attchd",2004,22.8035085019828,"Y",0,6.70820393249937,0,0,0,0,"None","None",0,9,2008,"WD","Normal",12.1329641737095
592,"60","RL",97,116.094788858071,"Pave","None","IRG","Lvl","AllPub","Corner","Gtl","NridgHt","Norm","Norm","1Fam","Othr","5",2008,2008,"Gable","CompShg","Othr","Stone",420,"Othr","TA","PConc","Ex","TA","Gd","GLQ","Unf",0,19.5959179422654,"GasA","Ex","Y","SBrkr",41.5692193816531,0,1,0,2,1,3,1,"Ex",10,"Typ",1,"Gd","BuiltIn",2008,29.0172362570938,"Y",19.5448202856921,16.5529453572468,0,0,0,0,"None","None",0,6,2009,"Othr","Normal",13.0213268332266
593,"20","RL",60,81.2403840463596,"Pave","None","Reg","Lvl","AllPub","Inside","Gtl","Othr","Norm","Norm","1Fam","5","Othr",1982,2003,"Gable","CompShg","HdBoard","None",0,"TA","Gd","PConc","TA","Othr","No","GLQ","Unf",0,0,"GasA","Ex","Y","SBrkr",28.5657137141714,0,1,0,1,0,2,1,"TA",4,"Typ",0,"None","Detchd",1985,28.5657137141714,"Y",0,0,0,0,0,0,"None","None",0,6,2008,"WD","Normal",11.8350089641393
594,"120","RM",55.4436411417393,66.5957956630897,"Pave","None","Reg","Lvl","AllPub","Inside","Gtl","CollgCr","Norm","Norm","TwnhsE","6","5",2003,2003,"Gable","CompShg","VinylSd","BrkFace",170,"Gd","TA","PConc","Gd","TA","Av","GLQ","Unf",0,12.7671453348037,"GasA","Ex","Y","SBrkr",29.1204395571221,0,1,0,1,0,1,1,"Gd",4,"Typ",0,"None","Attchd",2003,20.4939015319192,"Y",11.8321595661992,0,0,0,0,0,"None","None",0,5,2009,"WD","Normal",11.8493977015914
595,"20","RL",88,89.3867999203462,"Pave","None","IRG","Lvl","AllPub","Inside","Gtl","CollgCr","Norm","Norm","1Fam","5","6",1975,1975,"Hip","CompShg","HdBoard","None",0,"TA","TA","CBlock","Gd","TA","No","Unf","Unf",0,30.3973683071413,"GasA","TA","Y","SBrkr",30.3973683071413,0,0,0,1,0,3,1,"TA",5,"Typ",0,"None","Detchd",1981,16.7332005306815,"Y",0,0,0,0,0,0,"MnPrv","None",0,4,2008,"WD","Normal",11.6082356447746
596,"20","RL",69,106.310864919819,"Pave","None","IRG","Lvl","AllPub","Inside","Gtl","Othr","Norm","Norm","1Fam","8","5",2005,2006,"Gable","CompShg","VinylSd","BrkFace",238,"Gd","TA","PConc","Gd","TA","Gd","GLQ","Unf",0,19.7989898732233,"GasA","Ex","Y","SBrkr",42.731721238443,0,1,0,2,0,3,1,"Gd",7,"Typ",1,"TA","Attchd",2005,27.5317997958724,"Y",13.4164078649987,8.66025403784439,0,0,120,0,"None","None",0,8,2006,"New","Partial",12.672946381767
597,"Othr","RM",60,60,"Pave","Othr","Reg","Lvl","AllPub","Inside","Gtl","OldTown","Norm","Norm","1Fam","6","7",1910,1993,"Gable","CompShg","VinylSd","None",0,"TA","TA","CBlock","TA","TA","No","Unf","Unf",0,26.153393661244,"GasA","Ex","N","FuseA",26.153393661244,0,0,0,1,0,3,1,"TA",7,"Typ",0,"None","Detchd",1930,14.6969384566991,"N",0,12.5698050899765,0,0,0,0,"None","None",0,10,2006,"WD","Normal",11.6483650358641
598,"120","RL",53,62.6258732474047,"Pave","None","Reg","Lvl","AllPub","Inside","Gtl","Othr","Norm","Norm","TwnhsE","7","5",2006,2007,"Gable","CompShg","VinylSd","BrkFace",72,"Gd","TA","PConc","Ex","TA","Av","Unf","Unf",0,35.4682957019364,"GasA","Ex","Y","SBrkr",37.4432904536981,0,0,2,0,2,2,1,"Gd",7,"Typ",1,"Gd","Attchd",2006,25.4558441227157,"Y",10.9544511501033,4,0,0,0,0,"None","None",0,2,2007,"New","Partial",12.1766489841567
599,"20","RL",80,113.947356265953,"Pave","None","Reg","Othr","AllPub","Inside","Gtl","Othr","Norm","Norm","1Fam","5","6",1977,1977,"Gable","CompShg","Plywood","BrkFace",459,"TA","TA","CBlock","Gd","TA","Mn","ALQ","Othr",12.1243556529821,0,"GasA","Ex","Y","SBrkr",40.5832477754061,0,1,0,2,0,3,1,"Gd",7,"Typ",1,"TA","Attchd",1977,24.9198715887542,"Y",0,0,0,0,0,0,"None","None",0,3,2006,"WD","Normal",12.2899541295109
600,"Othr","RM",24,44.1588043316392,"Pave","None","Reg","Lvl","AllPub","Inside","Gtl","Othr","Norm","Norm","Othr","6","6",1980,1980,"Gable","CompShg","MetalSd","None",0,"TA","Gd","CBlock","Gd","TA","No","LwQ","Othr",24.738633753706,4.79583152331272,"GasA","TA","Y","SBrkr",26.7581763205193,0,1,0,2,1,3,1,"TA",6,"Typ",1,"TA","Attchd",1980,21.2602916254693,"Y",12.6885775404495,0,0,0,0,0,"Othr","None",0,7,2008,"Othr","Normal",11.9250351157971
601,"60","RL",74,104.532291661477,"Pave","None","Reg","Lvl","AllPub","Inside","Gtl","NridgHt","Norm","Norm","1Fam","8","5",2005,2005,"Gable","CompShg","VinylSd","BrkFace",280,"Gd","TA","PConc","Gd","TA","Av","GLQ","Unf",0,22.6274169979695,"GasA","Ex","Y","SBrkr",32.5269119345812,0,1,0,2,1,3,1,"Ex",8,"Typ",1,"Gd","BuiltIn",2003,27.1293199325011,"Y",13.3790881602597,7.74596669241483,0,0,0,0,"None","None",0,6,2006,"WD","Normal",12.5245263766487
602,"50","RM",50,94.8683298050514,"Pave","None","Reg","Othr","AllPub","Inside","Gtl","Othr","Norm","Norm","1Fam","6","6",1937,1950,"Gable","CompShg","Wd Sdng","None",0,"TA","Gd","PConc","TA","TA","No","Unf","Unf",0,27.9284800875379,"GasA","TA","Y","SBrkr",27.9284800875379,0,0,0,1,1,3,1,"Gd",6,"Typ",1,"Gd","Detchd",1979,23.3238075793812,"Othr",0,12.7279220613579,0,0,126,0,"None","None",0,12,2007,"WD","Normal",11.8565151693603
603,"60","RL",80,100.204790304656,"Pave","None","IRG","Lvl","AllPub","Inside","Gtl","Othr","Norm","Norm","1Fam","8","5",1992,1992,"Gable","CompShg","HdBoard","None",0,"Gd","TA","PConc","Gd","TA","Mn","GLQ","Unf",0,10.9087121146357,"GasA","Ex","Y","SBrkr",30.4466746952767,0,1,0,2,1,3,1,"Gd",8,"Typ",1,"TA","Attchd",1992,22.494443758404,"Y",10.9544511501033,12.2474487139159,0,0,0,0,"None","None",0,2,2006,"WD","Abnorml",12.3013828253345
604,"Othr","Othr",30,56.4092191046818,"Pave","Othr","Reg","Lvl","AllPub","Inside","Gtl","Somerst","Norm","Norm","TwnhsE","7","5",2004,2005,"Gable","CompShg","MetalSd","None",0,"Gd","TA","PConc","Gd","TA","No","Unf","Unf",0,24.4948974278318,"GasA","Ex","Y","SBrkr",24.4948974278318,0,0,0,2,1,2,1,"Gd",4,"Typ",0,"None","Detchd",2004,21.9089023002066,"Y",0,13.114877048604,0,0,0,0,"None","None",0,6,2010,"WD","Normal",11.9250351157971
605,"20","RL",88,113.150342465235,"Pave","None","IRG","Lvl","AllPub","Inside","Gtl","CollgCr","Norm","Norm","1Fam","7","5",2002,2002,"Gable","CompShg","VinylSd","BrkFace",99,"Gd","TA","PConc","Gd","TA","Mn","GLQ","Unf",0,23.9165214862028,"GasA","Ex","Y","SBrkr",38.6522961801754,0,1,0,2,0,3,1,"Gd",6,"Typ",1,"TA","Attchd",2002,23.0217288664427,"Y",13.856406460551,6,0,0,0,0,"None","None",0,9,2008,"WD","Normal",12.3059179804999
606,"60","RL",85,116.619037896906,"Pave","None","Reg","Lvl","AllPub","Inside","Gtl","NAmes","Norm","Norm","1Fam","7","6",1965,1990,"Gable","CompShg","HdBoard","BrkFace",176,"TA","TA","CBlock","TA","TA","No","BLQ","Unf",0,17.7200451466693,"GasA","TA","Y","SBrkr",34.4383507154451,0,0,0,2,1,3,1,"TA",7,"Typ",3,"Othr","Attchd",1965,22.0454076850486,"Y",0,6.48074069840786,0,0,189,0,"None","None",0,10,2009,"WD","Normal",12.2307652581205
607,"20","RL",82,111.642285895623,"Pave","None","IRG","Othr","AllPub","Corner","Othr","CollgCr","Norm","Norm","1Fam","5","5",1996,1996,"Gable","CompShg","VinylSd","None",0,"TA","Gd","PConc","Gd","TA","No","GLQ","Unf",0,17.5499287747842,"GasA","Gd","Y","SBrkr",32.2490309931942,0,1,0,1,0,3,1,"Gd",6,"Typ",0,"None","Detchd",2000,24,"Y",12.9614813968157,0,0,0,0,0,"Othr","None",0,11,2009,"WD","Normal",11.9316357998284
608,"20","RL",78,88.3176086632785,"Pave","None","Reg","Othr","AllPub","Inside","Othr","Edwards","Norm","Norm","1Fam","5","Othr",1948,2002,"Gable","CompShg","MetalSd","None",0,"TA","Gd","CBlock","TA","Othr","No","GLQ","Unf",0,17.1172427686237,"GasA","Ex","Y","SBrkr",33.3466640010661,0,1,0,3,0,3,1,"Ex",8,"Typ",0,"None","Attchd",1948,15.1657508881031,"Y",10.1488915650922,0,0,0,0,0,"None","None",0,8,2006,"WD","Normal",12.3238556811866
609,"Othr","RL",78,110.308657865101,"Pave","None","Reg","Othr","AllPub","Inside","Othr","Othr","Norm","Norm","1Fam","8","6",1934,1998,"Gable","CompShg","Othr","None",0,"TA","TA","PConc","Gd","TA","Mn","BLQ","Unf",0,23.1732604525129,"GasA","TA","Y","SBrkr",44.0454310910905,0,0,0,2,1,4,1,"TA",10,"Typ",2,"Gd","Othr",1934,19.4935886896179,"Y",0,0,0,0,0,0,"None","None",0,9,2007,"WD","Othr",12.7913561802142
610,"20","RL",61,89.1235098052136,"Pave","None","Reg","Lvl","AllPub","Inside","Gtl","Sawyer","Feedr","Norm","1Fam","4","5",1961,1961,"Gable","CompShg","VinylSd","None",192,"TA","Othr","CBlock","TA","TA","Mn","Rec","Unf",0,11.2249721603218,"GasA","Gd","Y","SBrkr",32.0780298646909,0,1,0,1,0,3,1,"TA",5,"Typ",0,"None","Attchd",1961,16.1554944214035,"Y",8,0,39,0,0,0,"None","None",0,4,2007,"WD","Normal",11.6826682395573
611,"60","RL",72.8575549389645,105.118980208143,"Pave","None","Reg","Lvl","AllPub","Inside","Gtl","CollgCr","Othr","Norm","1Fam","Othr","5",2000,2000,"Hip","CompShg","VinylSd","BrkFace",204,"Gd","TA","PConc","Ex","TA","Mn","GLQ","Unf",0,23.1516738055805,"GasA","Ex","Y","SBrkr",38.4187454245971,0,1,0,2,1,3,1,"Ex",8,"Typ",2,"Othr","Attchd",2000,27.1293199325011,"Y",15.9059737205869,11.916375287813,0,0,0,0,"None","None",0,5,2009,"WD","Normal",12.6539584695223
612,"Othr","RL",71.1332747368205,101.955872807799,"Pave","None","IRG","Lvl","AllPub","Othr","Gtl","Othr","Norm","Norm","1Fam","6","6",1978,1978,"Gable","CompShg","HdBoard","BrkFace",233,"TA","TA","CBlock","Gd","TA","Av","ALQ","Unf",0,20.6639783197718,"GasA","TA","Y","SBrkr",32.124756808418,0,0,1,2,0,3,1,"TA",6,"Typ",1,"TA","Attchd",1978,23.7486841740758,"Y",0,0,0,0,0,0,"MnPrv","Othr",500,7,2007,"WD","Normal",11.9049675527463
613,"60","RL",75.0556831355908,109.018347079746,"Pave","None","Reg","Lvl","AllPub","Inside","Gtl","CollgCr","Norm","Norm","1Fam","8","5",2001,2001,"Gable","CompShg","VinylSd","BrkFace",108,"Gd","TA","PConc","Gd","TA","Av","GLQ","Unf",0,17.5783958312469,"GasA","Ex","Y","SBrkr",36.0416425818802,0,1,0,2,1,3,1,"Ex",7,"Typ",1,"TA","BuiltIn",2001,23.0434372436058,"Y",12.6491106406735,11.0453610171873,0,0,0,0,"None","None",0,11,2009,"WD","Normal",12.4741895624871
614,"20","RL",70,91.6624241442479,"Pave","None","Reg","Lvl","AllPub","Inside","Gtl","Othr","Feedr","Norm","1Fam","5","5",2007,2007,"Gable","CompShg","VinylSd","None",0,"TA","TA","PConc","Gd","TA","No","ALQ","Unf",0,30.2324329156619,"GasA","Ex","Y","SBrkr",33.466401061363,0,0,0,1,0,3,1,"TA",6,"Typ",0,"None","None",1906,0,"Y",0,5.47722557505166,0,0,0,0,"None","None",0,12,2007,"New","Partial",11.8981878657609
615,"Othr","RM",21,38.6134691526156,"Pave","None","Reg","Lvl","AllPub","Inside","Gtl","Othr","Norm","Norm","TwnhsE","4","6",1972,1972,"Gable","CompShg","Othr","None",0,"TA","TA","CBlock","Gd","TA","Av","LwQ","Othr",21.9089023002066,0,"GasA","Ex","Y","SBrkr",25.0998007960223,0,1,0,1,0,1,1,"TA",3,"Typ",0,"None","None",1948,0,"Y",9.79795897113271,4.89897948556636,0,0,0,0,"None","None",0,5,2010,"WD","Normal",11.2318879352371
616,"Othr","RL",80,93.8083151964686,"Pave","None","Reg","Lvl","AllPub","Inside","Gtl","NAmes","Feedr","Norm","1Fam","6","7",1963,1963,"Gable","CompShg","MetalSd","BrkFace",156,"TA","Gd","PConc","TA","TA","Gd","GLQ","Unf",0,13.1529464379659,"GasA","Ex","Y","SBrkr",32.4653661614959,0,1,0,1,0,3,1,"Gd",6,"Typ",0,"None","Attchd",1963,21.9089023002066,"Y",10.9544511501033,0,0,0,0,0,"MnPrv","None",0,5,2010,"WD","Abnorml",11.8313791960888
617,"60","RL",64.4625479700528,88.6622805932715,"Pave","None","IRG","Lvl","AllPub","Inside","Gtl","Gilbert","Norm","Norm","1Fam","6","5",2002,2003,"Gable","CompShg","VinylSd","None",0,"Gd","TA","PConc","Gd","TA","No","GLQ","Unf",0,18.0554700852678,"GasA","Ex","Y","SBrkr",28.4077454226836,0,1,0,2,1,3,1,"Gd",7,"Typ",1,"Gd","Attchd",2002,19.824227601599,"Y",10,8.66025403784439,0,0,0,0,"None","None",0,6,2006,"WD","Normal",12.1183337312222
618,"Othr","RL",59,85.0117638918285,"Pave","None","Reg","Othr","AllPub","Corner","Othr","NAmes","Othr","Norm","1Fam","6","6",1954,1954,"Gable","CompShg","MetalSd","None",0,"TA","TA","CBlock","TA","TA","No","Unf","Unf",0,28.8444102037119,"GasA","Gd","Y","SBrkr",28.8444102037119,0,0,0,1,0,2,1,"Gd",4,"Typ",0,"None","Detchd",1962,22.9782505861521,"Y",0,0,0,0,0,0,"None","None",0,6,2008,"WD","Normal",11.5664662318983
619,"20","RL",90,108.138799697426,"Pave","None","Reg","Lvl","AllPub","Inside","Gtl","NridgHt","Norm","Norm","1Fam","Othr","5",2007,2007,"Hip","CompShg","Othr","BrkFace",452,"Othr","TA","PConc","Ex","TA","Av","GLQ","Unf",0,42.1188793773054,"GasA","Ex","Y","SBrkr",42.7551166528639,0,0,0,2,0,3,1,"Gd",9,"Typ",1,"Gd","Attchd",2007,27.8208554864871,"Y",0,10.3923048454133,0,0,260,0,"None","None",0,7,2007,"New","Partial",12.6597340907337
620,"60","RL",85,110.652609548984,"Pave","None","Reg","Lvl","AllPub","Inside","Gtl","Othr","Norm","Norm","1Fam","8","5",2003,2003,"Hip","CompShg","VinylSd","Stone",226,"Gd","TA","PConc","Gd","TA","Gd","GLQ","Unf",0,24.7184141886165,"GasA","Ex","Y","SBrkr",38.4967531098403,0,1,0,2,1,4,1,"Gd",10,"Typ",2,"Gd","Attchd",2003,27.367864366808,"Y",12.9614813968157,0,0,0,0,0,"None","None",0,8,2008,"WD","Normal",12.6280670555895
621,"Othr","RL",45,90.8185003179418,"Pave","Othr","Reg","Lvl","AllPub","Inside","Gtl","Edwards","Norm","Norm","1Fam","Othr","Othr",1914,1950,"Gable","CompShg","Othr","None",0,"TA","TA","BrkTil","TA","TA","No","BLQ","Unf",0,28.6879765755621,"GasA","TA","N","Othr",29.3938769133981,0,1,0,1,0,2,1,"TA",5,"Typ",0,"None","None",1918,0,"N",0,0,100,0,0,0,"None","None",0,9,2008,"WD","Normal",11.1124478983731
622,"60","RL",90,103.923048454133,"Pave","None","Reg","Lvl","AllPub","Inside","Gtl","Othr","Norm","Norm","1Fam","6","7",1974,1997,"Gable","CompShg","HdBoard","None",0,"TA","TA","CBlock","TA","TA","No","ALQ","Othr",13.490737563232,19.5959179422654,"GasA","TA","Y","SBrkr",39.344631145812,0,0,0,2,1,4,1,"TA",9,"Typ",1,"TA","Attchd",1974,24.9799919935936,"Y",6.16441400296898,15.5884572681199,0,0,0,0,"None","None",0,6,2008,"WD","Normal",12.3883942023241
623,"20","RL",71,84.0476055578028,"Pave","None","Reg","Lvl","AllPub","Inside","Gtl","Sawyer","Norm","Norm","1Fam","5","6",1977,1977,"Gable","CompShg","Plywood","BrkFace",153,"TA","TA","CBlock","TA","TA","No","BLQ","Unf",0,20.4939015319192,"GasA","TA","Y","SBrkr",31.3049516849971,0,0,0,1,0,3,1,"TA",6,"Typ",0,"None","Detchd",1986,22,"Y",13.856406460551,0,0,0,0,0,"None","None",0,7,2009,"WD","Normal",11.8130300574206
624,"Othr","Othr",49.3415319683503,46.0108682813094,"Pave","None","Reg","Lvl","AllPub","Inside","Gtl","Somerst","Norm","Norm","TwnhsE","6","5",2000,2000,"Gable","CompShg","MetalSd","BrkFace",513,"Gd","TA","PConc","Gd","TA","No","GLQ","Unf",0,18.3303027798234,"GasA","Ex","Y","SBrkr",27.495454169735,0,0,0,2,1,2,1,"Gd",4,"Typ",1,"TA","Detchd",2000,20.976176963403,"Y",0,5.65685424949238,0,0,0,0,"None","None",0,6,2007,"WD","Normal",12.0346910287746
625,"60","RL",80,101.980390271856,"Pave","None","Reg","Lvl","AllPub","Inside","Gtl","Othr","Norm","Norm","1Fam","6","5",1972,1972,"Gable","CompShg","VinylSd","None",288,"TA","TA","CBlock","TA","TA","No","Rec","Unf",0,22.0227155455452,"GasA","Gd","Y","SBrkr",31.8119474411737,0,1,0,1,2,4,1,"TA",8,"Othr",1,"TA","Attchd",1972,22,"Y",12.1655250605964,0,0,0,147,0,"None","None",0,11,2006,"WD","Normal",12.0146094308189
626,"20","RL",87,100,"Pave","None","IRG","Lvl","AllPub","Corner","Gtl","NAmes","Norm","Norm","1Fam","6","6",1962,1962,"Hip","CompShg","Wd Sdng","BrkFace",261,"TA","TA","CBlock","TA","TA","No","Unf","Unf",0,33.4065861769801,"GasA","TA","Y","SBrkr",33.4065861769801,0,0,0,1,1,3,1,"TA",5,"Typ",0,"None","Attchd",1962,20.976176963403,"Y",0,0,0,0,385,0,"None","None",0,2,2010,"WD","Normal",11.982929094216
627,"20","RL",76.2587305438043,111.094554321983,"Pave","None","IRG","Lvl","AllPub","Inside","Gtl","NAmes","Norm","Norm","1Fam","5","5",1960,1978,"Hip","CompShg","Wd Sdng","None",0,"TA","TA","CBlock","TA","TA","No","Unf","Unf",0,31.2729915422238,"GasA","TA","Y","SBrkr",37.7094152699296,0,0,0,1,0,3,1,"TA",6,"Othr",1,"TA","Attchd",1960,16.9115345252878,"Y",0,0,36,0,0,0,"Othr","Othr",600,8,2007,"WD","Normal",11.8486831606536
628,"Othr","RL",80,97.9795897113271,"Pave","None","Reg","Lvl","AllPub","Inside","Gtl","NAmes","Norm","Norm","1Fam","6","6",1955,1972,"Gable","CompShg","Othr","BrkFace",164,"TA","TA","CBlock","TA","TA","Av","BLQ","Othr",11.4891252930761,18.7082869338697,"GasA","Ex","Y","SBrkr",38.9871773792359,0,1,0,1,0,3,1,"TA",7,"Typ",2,"Gd","Othr",1955,19.0787840283389,"Y",0,0,189,0,0,0,"None","None",0,3,2010,"WD","Normal",11.9381932003746
629,"60","RL",70,107.731146842499,"Pave","None","IRG","Othr","AllPub","Inside","Othr","NAmes","Norm","Norm","1Fam","5","5",1969,1969,"Gable","CompShg","Plywood","BrkFace",192,"TA","TA","PConc","Gd","TA","Av","Rec","Unf",0,19.7484176581315,"GasA","TA","Y","SBrkr",32.2490309931942,0,0,1,1,2,5,1,"Othr",9,"Typ",2,"TA","Attchd",1969,22.4499443206436,"Y",18.3030052177231,0,0,0,0,0,"None","None",0,9,2007,"WD","Othr",11.8130300574206
630,"Othr","RL",82,94.9736805646701,"Pave","None","Reg","Lvl","AllPub","Corner","Gtl","NAmes","Feedr","Norm","1Fam","6","5",1964,1964,"Gable","Othr","Plywood","BrkFace",259,"TA","TA","CBlock","TA","TA","Gd","GLQ","Othr",18.3303027798234,16.9705627484771,"GasA","TA","Y","SBrkr",36.7423461417477,0,1,0,1,1,3,1,"TA",6,"Typ",0,"None","Attchd",1964,22.8035085019828,"Y",13.2664991614216,0,0,0,0,0,"Othr","None",0,6,2008,"WD","Normal",12.0346910287746
631,"Othr","RM",50,94.8683298050514,"Pave","Othr","Reg","Lvl","AllPub","Corner","Gtl","OldTown","Othr","Norm","1Fam","5","6",1880,1991,"Gable","CompShg","VinylSd","None",0,"TA","TA","BrkTil","Othr","Othr","No","Unf","Unf",0,25.219040425837,"GasA","TA","Y","FuseA",33,0,0,0,1,0,3,1,"Ex",8,"Typ",0,"None","Detchd",1937,15.4919333848297,"N",0,0,293,0,0,0,"MnPrv","None",0,6,2006,"WD","Abnorml",11.7280368445872
632,"120","RL",34,67.7495387438173,"Pave","None","Reg","Lvl","AllPub","Inside","Gtl","NridgHt","Norm","Norm","Othr","8","5",2006,2006,"Gable","CompShg","VinylSd","Stone",108,"Gd","TA","PConc","Gd","Othr","Mn","GLQ","Unf",0,39.1152144312159,"GasA","Ex","Y","SBrkr",39.4208066888541,0,0,0,2,0,2,1,"Gd",6,"Typ",1,"Gd","Attchd",2006,25.0399680510978,"Y",12.4899959967968,8.54400374531753,0,0,0,0,"None","None",0,8,2007,"WD","Normal",12.2524790183443
633,"20","RL",85,109.087121146357,"Pave","None","Reg","Lvl","AllPub","Inside","Gtl","Othr","Norm","Norm","1Fam","7","5",1977,1977,"Hip","CompShg","Plywood","BrkFace",209,"TA","Gd","CBlock","TA","TA","No","ALQ","Unf",0,23.7486841740758,"GasA","TA","Y","SBrkr",37.5632799419859,0,0,0,2,0,3,1,"TA",6,"Typ",1,"TA","Attchd",1977,23.3238075793812,"Y",13.856406460551,0,0,0,0,0,"None","None",0,4,2009,"WD","Othr",11.3205535723228
634,"20","RL",80,96.1769203083567,"Pave","None","Reg","Lvl","AllPub","Corner","Gtl","NAmes","Norm","Norm","1Fam","5","7",1954,2005,"Gable","CompShg","Wd Sdng","None",0,"TA","TA","CBlock","TA","TA","No","BLQ","Othr",21.6333076527839,10.3923048454133,"GasA","TA","Y","SBrkr",32.4961536185438,0,0,1,1,0,3,1,"TA",6,"Typ",0,"None","Attchd",1954,16.1245154965971,"Y",19.7484176581315,0,0,0,0,0,"None","None",0,7,2007,"WD","Normal",11.8451027773086
635,"Othr","RL",64,83.5404093837228,"Pave","None","Reg","Lvl","AllPub","Inside","Gtl","OldTown","Norm","Norm","Othr","6","5",1980,1980,"Gable","CompShg","Plywood","None",0,"TA","TA","CBlock","TA","TA","No","GLQ","Unf",0,0,"GasA","Gd","Y","SBrkr",32.4961536185438,0,2,0,0,0,0,2,"TA",4,"Typ",0,"None","Detchd",1980,24,"Y",16.2480768092719,7.48331477354788,0,0,0,0,"Othr","Othr",600,6,2010,"WD","Normal",11.8775685785581
636,"Othr","Othr",60,104.383906805599,"Pave","Othr","Reg","Othr","AllPub","Inside","Gtl","Othr","Feedr","Norm","Othr","6","7",1914,1995,"Hip","CompShg","VinylSd","None",0,"Othr","TA","CBlock","TA","Othr","No","LwQ","Unf",0,34.4093010681705,"GasA","Ex","Y","FuseA",37.9473319220206,515,0,0,2,0,8,2,"Othr",14,"Typ",0,"None","None",1978,0,"N",0,10.4880884817015,0,0,0,0,"None","None",0,3,2007,"WD","Abnorml",12.2060726455302
637,"Othr","RM",51,78.2304288624318,"Pave","None","Reg","Lvl","AllPub","Inside","Gtl","Othr","Norm","Norm","1Fam","Othr","Othr",1936,1950,"Gable","CompShg","Othr","None",0,"Othr","Othr","BrkTil","TA","Othr","No","Unf","Unf",0,16.2480768092719,"Othr","Othr","N","FuseA",28.2842712474619,0,0,0,1,0,1,1,"Othr",4,"Othr",1,"Othr","None",2009,0,"N",0,0,0,0,0,0,"None","None",0,1,2009,"Othr","Normal",11.0020998412042
638,"Othr","RM",50,77.4596669241483,"Pave","None","Reg","Lvl","AllPub","Inside","Gtl","OldTown","Norm","Norm","Othr","5","Othr",1954,1954,"Gable","CompShg","Wd Sdng","None",0,"TA","TA","CBlock","TA","TA","No","Unf","Unf",0,28.4780617317963,"GasA","TA","Y","FuseA",28.4780617317963,0,0,0,2,0,3,2,"Gd",7,"Typ",0,"None","BuiltIn",1954,16,"Y",0,0,0,0,0,0,"None","None",0,11,2009,"WD","Normal",11.4403547721354
639,"Othr","RL",67,93.6856445780249,"Pave","None","Reg","Lvl","AllPub","Inside","Gtl","Edwards","Feedr","Norm","1Fam","5","7",1910,1950,"Gable","CompShg","MetalSd","None",0,"TA","TA","CBlock","Othr","TA","No","Unf","Unf",0,28.2134719593318,"GasA","Gd","Y","FuseA",28.2134719593318,0,0,0,1,0,2,1,"TA",4,"Typ",0,"None","None",1957,0,"Othr",18.1107702762748,0,164,0,0,0,"MnPrv","None",0,5,2008,"WD","Normal",11.3504065354725
640,"120","RL",53,63.103090257134,"Pave","None","Reg","Lvl","AllPub","Inside","Gtl","Othr","Norm","Norm","TwnhsE","8","5",2006,2006,"Hip","CompShg","VinylSd","None",0,"Gd","TA","PConc","Gd","Othr","Av","GLQ","Unf",0,19.131126469709,"GasA","Ex","Y","SBrkr",39.585350825779,0,1,0,2,0,1,1,"Ex",7,"Typ",1,"Gd","Attchd",2006,25.4558441227157,"Y",17.6635217326557,0,0,0,0,0,"None","None",0,10,2006,"New","Partial",12.4858271275094
641,"120","RL",62,112.592184453451,"Pave","None","IRG","Lvl","AllPub","Inside","Gtl","NridgHt","Norm","Norm","TwnhsE","8","5",2003,2004,"Hip","CompShg","MetalSd","BrkFace",472,"Othr","TA","PConc","Ex","TA","Gd","GLQ","Unf",0,17.3205080756888,"GasA","Ex","Y","SBrkr",38.9615194775563,0,0,0,1,1,1,1,"Ex",6,"Typ",1,"Gd","Attchd",2003,24.2487113059643,"Y",13.6014705087354,11.8321595661992,0,0,0,0,"None","None",0,4,2008,"WD","Normal",12.5208833853702
642,"60","Othr",62.3275995060241,83.9642781187333,"Pave","None","Reg","Lvl","AllPub","Inside","Gtl","Somerst","Norm","Norm","1Fam","7","5",2001,2001,"Gable","CompShg","VinylSd","None",0,"Gd","TA","PConc","Gd","TA","No","GLQ","Unf",0,17.8605710994918,"GasA","Ex","Y","SBrkr",32.5115364140177,0,1,0,2,1,3,1,"Gd",7,"Typ",1,"TA","Attchd",2001,25.4950975679639,"Y",0,15.3297097167559,0,0,0,0,"None","None",0,5,2007,"WD","Normal",12.3282902782544
643,"Othr","RL",75,117.728501222091,"Pave","None","Reg","Lvl","AllPub","Inside","Gtl","NAmes","Norm","Norm","1Fam","8","7",1972,1995,"Gable","CompShg","Plywood","None",0,"Gd","TA","CBlock","Gd","TA","Gd","GLQ","Unf",0,23.2808934536456,"GasA","Gd","Y","SBrkr",44.7213595499958,0,1,0,2,1,4,1,"Ex",9,"Typ",3,"TA","Attchd",1972,23.1948270094864,"Y",16.4012194668567,10.5356537528527,0,0,0,0,"MnPrv","None",0,7,2009,"WD","Normal",12.7512996960135
644,"60","RL",80,103.889364229453,"Pave","None","Reg","Lvl","AllPub","Inside","Gtl","Othr","Othr","Norm","1Fam","5","5",1969,1969,"Othr","CompShg","Othr","BrkFace",263,"TA","TA","CBlock","TA","TA","No","Rec","Othr",16.9410743460974,0,"GasA","Ex","Y","SBrkr",27.9284800875379,0,0,0,2,1,4,1,"TA",7,"Othr",0,"None","Attchd",1969,21.4941852602047,"Y",14.422205101856,0,0,0,0,0,"Othr","None",0,4,2007,"WD","Normal",11.9316357998284
645,"20","Othr",85,95.8488393252626,"Pave","None","Reg","Lvl","AllPub","Inside","Gtl","Somerst","Norm","Norm","1Fam","Othr","5",2009,2009,"Gable","CompShg","Othr","Stone",162,"Othr","TA","PConc","Ex","TA","Mn","GLQ","Unf",0,25.3968501984006,"GasA","Ex","Y","SBrkr",42.0238027789014,0,1,0,2,1,2,1,"Ex",7,"Typ",1,"Gd","Attchd",2009,21.8632111090754,"Y",13.9642400437689,11.4017542509914,0,0,0,0,"None","None",0,10,2009,"New","Partial",12.8236284465392
646,"20","RL",71.4886607326823,102.615788258922,"Pave","None","IRG","Lvl","AllPub","Corner","Gtl","NAmes","Norm","Norm","1Fam","6","5",1971,1971,"Hip","CompShg","Plywood","None",0,"TA","TA","CBlock","TA","TA","No","ALQ","Othr",5.91607978309962,25.7681974534503,"GasA","TA","Y","SBrkr",31.3209195267317,0,1,0,1,1,3,1,"TA",5,"Typ",0,"None","Detchd",1979,24,"Y",0,17.6635217326557,40,0,0,0,"None","None",0,3,2007,"WD","Normal",11.872346634577
647,"20","RL",60,84.8528137423857,"Pave","None","Reg","Lvl","AllPub","Inside","Gtl","NAmes","Norm","Norm","1Fam","5","5",1950,1950,"Hip","CompShg","MetalSd","None",0,"TA","TA","CBlock","Othr","Othr","Othr","Othr","Othr",0,0,"GasA","Gd","Y","SBrkr",32.3728281124773,0,0,0,1,0,3,1,"TA",7,"Othr",0,"None","Detchd",1950,20.4939015319192,"Y",0,5.19615242270663,0,0,0,0,"None","None",0,7,2008,"WD","Normal",11.4957793061353
648,"20","RL",85,102.235023353056,"Pave","None","IRG","Lvl","AllPub","Inside","Gtl","Edwards","Norm","Norm","1Fam","6","5",1953,1953,"Hip","CompShg","Wd Sdng","Stone",216,"TA","TA","CBlock","TA","TA","Mn","Rec","Unf",0,24.3721152139079,"GasA","Ex","Y","SBrkr",33.0756708170825,0,0,0,1,0,3,1,"TA",5,"Typ",2,"Gd","Attchd",1953,22.248595461287,"Y",0,0,0,0,287,0,"None","None",0,6,2008,"WD","Normal",11.9511803959014
649,"60","RL",70,87.7496438739212,"Pave","None","Reg","Lvl","AllPub","Inside","Gtl","NAmes","Othr","Norm","1Fam","6","5",1966,1966,"Gable","CompShg","MetalSd","BrkFace",351,"TA","TA","CBlock","TA","TA","No","Unf","Unf",0,27.495454169735,"GasA","TA","Y","SBrkr",32.4191301548947,0,0,0,1,1,4,1,"TA",7,"Typ",1,"TA","Attchd",1966,21.0237960416286,"Y",0,11.13552872566,216,0,0,0,"None","None",0,6,2010,"WD","Normal",11.9511803959014
650,"Othr","RM",21,44,"Pave","None","Reg","Lvl","AllPub","Inside","Gtl","Othr","Norm","Norm","Othr","4","6",1970,1970,"Gable","CompShg","Othr","None",0,"TA","TA","CBlock","Gd","TA","Av","BLQ","Othr",22.3383079036887,0,"GasA","Gd","Y","SBrkr",25.0998007960223,0,1,0,1,0,1,1,"TA",3,"Typ",0,"None","None",1949,0,"Y",0,0,0,0,0,0,"MnPrv","None",0,12,2007,"WD","Normal",11.3445068133453
651,"60","Othr",65,90.1387818865997,"Pave","None","Reg","Lvl","AllPub","Inside","Gtl","Somerst","Norm","Norm","1Fam","7","6",2007,2007,"Gable","CompShg","Othr","BrkFace",261.6724,"Gd","TA","PConc","Gd","TA","No","Unf","Unf",0,28.5131548587665,"GasA","Ex","Y","SBrkr",28.6705423736629,0,0,0,2,1,3,1,"Gd",7,"Typ",0,"None","Attchd",2007,23.7065391822594,"Y",0,0,0,0,0,0,"None","None",0,5,2008,"WD","Normal",12.2353886998642
652,"Othr","RL",60,95.3100204595508,"Pave","None","Reg","Lvl","AllPub","Inside","Gtl","Edwards","Othr","Norm","1Fam","4","5",1940,1950,"Gable","CompShg","MetalSd","None",0,"TA","TA","CBlock","TA","TA","Mn","Unf","Unf",0,27.4772633280682,"GasA","TA","Y","SBrkr",27.4772633280682,0,1,0,1,0,4,1,"TA",7,"Typ",1,"Gd","Detchd",1940,17.2046505340853,"Othr",10.9544511501033,0,0,0,0,0,"MnPrv","None",0,10,2009,"WD","Normal",11.5898865061064
653,"60","RL",70,93.5414346693485,"Pave","None","Reg","Lvl","AllPub","Inside","Gtl","CollgCr","Norm","Norm","1Fam","7","5",1996,1996,"Gable","CompShg","VinylSd","None",0,"Gd","TA","PConc","Gd","TA","No","Unf","Unf",0,29.6647939483827,"GasA","Ex","Y","SBrkr",30.1496268633627,0,0,0,2,1,2,1,"Gd",7,"Typ",1,"TA","Attchd",1996,22.6274169979695,"Y",0,10.9544511501033,0,0,0,0,"None","None",0,7,2009,"WD","Normal",12.1600287070288
654,"50","RM",60,101.587400793602,"Pave","Othr","Reg","Lvl","AllPub","Inside","Gtl","Othr","Norm","Norm","1Fam","6","7",1906,1995,"Gable","CompShg","MetalSd","None",0,"TA","TA","CBlock","TA","TA","No","Unf","Unf",0,27.495454169735,"GasA","Ex","Y","SBrkr",27.495454169735,0,0,0,1,0,3,1,"TA",7,"Typ",0,"None","Detchd",1906,14.6969384566991,"Y",7.54983443527075,0,239,0,0,0,"MnPrv","None",0,6,2008,"WD","Normal",11.8130300574206
655,"20","RL",91,102.161636635285,"Pave","None","IRG","Lvl","AllPub","Inside","Gtl","Othr","Norm","Norm","1Fam","8","6",1995,1995,"Hip","CompShg","MetalSd","BrkFace",660,"Gd","Gd","PConc","Gd","TA","Gd","GLQ","Unf",0,20.3224014329016,"GasA","Ex","Y","SBrkr",45.9673797382448,0,1,0,2,1,2,1,"Gd",7,"Typ",1,"TA","Attchd",1995,28.9654967159205,"Y",15.3622914957372,6.78232998312527,0,0,0,0,"None","None",0,8,2008,"WD","Normal",12.7656884334656
656,"Othr","RM",21,40.9878030638384,"Pave","None","Reg","Lvl","AllPub","Inside","Gtl","Othr","Norm","Norm","Othr","6","5",1971,1971,"Gable","CompShg","HdBoard","BrkFace",381,"TA","TA","CBlock","TA","TA","No","Unf","Unf",0,22.9128784747792,"GasA","TA","Y","SBrkr",22.9128784747792,0,0,0,1,1,3,1,"TA",6,"Typ",0,"None","Detchd",1971,16.2480768092719,"Y",0,0,0,0,0,0,"None","None",0,3,2010,"WD","Othr",11.3850920934603
657,"20","RL",72,100.034993877143,"Pave","None","IRG","Lvl","AllPub","Inside","Gtl","NAmes","Norm","Norm","1Fam","5","7",1959,2006,"Gable","CompShg","HdBoard","BrkFace",54,"Gd","TA","CBlock","TA","TA","No","ALQ","Unf",0,15.7162336455017,"GasA","Ex","Y","SBrkr",32.4499614791759,0,1,0,1,1,3,1,"Gd",5,"Typ",0,"None","Attchd",1959,17.6635217326557,"Y",0,0,0,0,0,0,"MnPrv","None",0,8,2008,"WD","Normal",11.8879313655937
658,"Othr","RL",60,84.8528137423857,"Pave","None","Reg","Othr","AllPub","Inside","Othr","Othr","Norm","Norm","1Fam","7","6",1931,2000,"Gable","CompShg","Othr","None",0,"TA","Othr","BrkTil","Gd","TA","No","Unf","Unf",0,27.8567765543682,"GasA","TA","Y","SBrkr",29.1719042916296,0,0,0,1,1,3,1,"TA",6,"Typ",1,"Gd","Attchd",1931,16.431676725155,"Othr",0,0,112,0,0,0,"MnPrv","None",0,2,2008,"WD","Normal",11.9117015849276
659,"50","RL",78,132.298904001507,"Pave","None","Reg","Lvl","AllPub","Inside","Gtl","NAmes","Othr","Norm","1Fam","6","5",1948,1950,"Gable","CompShg","VinylSd","None",0,"TA","TA","CBlock","TA","TA","No","Unf","Unf",0,30.199337741083,"GasA","TA","Y","SBrkr",30.199337741083,0,0,1,1,0,3,1,"TA",6,"Typ",1,"Gd","Attchd",1948,18.1659021245849,"Y",13.856406460551,0,0,0,0,0,"None","None",0,1,2010,"WD","Abnorml",11.4876076569859
660,"20","RL",75,99.6845023060255,"Pave","None","Reg","Lvl","AllPub","Corner","Gtl","Edwards","Norm","Norm","1Fam","5","7",1964,1999,"Hip","CompShg","MetalSd","None",0,"TA","Gd","PConc","TA","TA","No","BLQ","Unf",0,29.1376045686669,"GasA","Ex","Y","SBrkr",38.5486705347928,0,1,0,1,0,3,1,"TA",7,"Typ",0,"None","Detchd",1968,21.9089023002066,"Y",0,0,0,0,0,0,"MnPrv","None",0,3,2009,"WD","Normal",12.0257490913989
661,"60","RL",76.3692950758502,111.283421945948,"Pave","None","Reg","Lvl","AllPub","CulDSac","Gtl","Othr","Norm","Norm","1Fam","7","7",1976,1976,"Gable","CompShg","Plywood","BrkFace",233,"TA","TA","CBlock","Gd","TA","No","Unf","Unf",0,28.1602556806574,"GasA","TA","Y","SBrkr",33.7934904974316,0,0,0,2,1,3,1,"TA",7,"Typ",1,"TA","Attchd",1976,23.4520787991171,"Y",0,10.6301458127346,252,0,0,0,"None","None",0,11,2007,"WD","Normal",12.1955171315907
662,"60","RL",52,215.844851687503,"Pave","None","IRG","Lvl","AllPub","CulDSac","Gtl","Othr","Norm","Norm","1Fam","8","7",1994,2005,"Hip","CompShg","VinylSd","BrkFace",528,"Gd","TA","PConc","Gd","Othr","No","GLQ","Othr",13.4164078649987,9.38083151964686,"GasA","Ex","Y","SBrkr",41.0609303352956,0,1,0,2,1,4,1,"Gd",8,"Typ",1,"TA","Attchd",1994,26.6645832519468,"Y",22.7376340018041,8.71779788708135,0,0,0,0,"None","None",0,7,2009,"WD","Normal",12.9042073676012
663,"20","RL",120,116.447413024077,"Pave","None","Reg","Lvl","AllPub","Corner","Gtl","NAmes","Norm","Norm","1Fam","6","Othr",1968,1968,"Hip","CompShg","Wd Sdng","BrkFace",216,"TA","TA","CBlock","Othr","Othr","No","Unf","Unf",0,37.3095162123553,"GasA","Gd","Y","SBrkr",37.3095162123553,0,1,0,1,0,2,1,"TA",5,"Othr",2,"TA","Attchd",1968,24,"Y",0,0,240,0,0,0,"None","None",0,7,2009,"WD","Normal",11.6082356447746
664,"Othr","RL",90,100.059982010792,"Pave","None","Reg","Lvl","AllPub","Inside","Gtl","Edwards","Norm","Norm","1Fam","4","5",1972,1972,"Gable","CompShg","Plywood","None",0,"TA","TA","CBlock","Gd","TA","Av","BLQ","Othr",13.4164078649987,6.16441400296898,"GasA","TA","Y","SBrkr",34.3656805548792,0,1,0,2,0,3,1,"TA",6,"Typ",0,"None","Detchd",1974,24.2487113059643,"Y",0,0,180,0,0,0,"MnPrv","None",0,4,2008,"WD","Normal",11.8313791960888
665,"20","RL",49,144.554487996741,"Pave","None","IRG","Lvl","AllPub","CulDSac","Gtl","Somerst","Othr","Norm","1Fam","8","5",2005,2006,"Gable","CompShg","VinylSd","None",0,"Gd","TA","PConc","Ex","TA","Mn","GLQ","Unf",0,18.8679622641132,"GasA","Ex","Y","SBrkr",45.7930125674212,0,1,0,1,1,1,1,"Ex",8,"Typ",1,"Othr","Attchd",2005,33.6749164809655,"Y",13.856406460551,16.3401346383682,0,0,0,0,"None","None",0,1,2006,"New","Partial",12.9551274580284
666,"60","RL",106,105.801701309573,"Pave","None","IRG","Lvl","AllPub","Corner","Gtl","Gilbert","Norm","Norm","1Fam","8","5",2000,2000,"Gable","CompShg","VinylSd","BrkFace",40,"Gd","TA","PConc","Gd","TA","No","Unf","Unf",0,37.4966665185054,"GasA","Ex","Y","SBrkr",38.1313519298752,0,0,0,2,1,3,1,"Gd",7,"Typ",1,"TA","Attchd",2000,22.4499443206436,"Y",13.7113092008021,11.13552872566,0,0,0,0,"None","None",0,11,2006,"WD","Normal",12.3480061414188
667,"60","RL",92.3379724899043,135.830777072061,"Pave","None","IRG","Lvl","AllPub","Inside","Gtl","NAmes","Norm","Norm","1Fam","6","5",1965,1979,"Othr","Othr","Plywood","None",113,"TA","Gd","CBlock","Gd","TA","No","LwQ","Othr",26.8886593194975,10.5356537528527,"GasA","TA","Y","SBrkr",38.2753184180093,0,0,0,2,1,3,1,"TA",7,"Othr",1,"Othr","Othr",1965,24.4131112314674,"Y",0,16.2788205960997,0,0,0,0,"None","None",0,8,2007,"WD","Abnorml",11.7675676833438
668,"20","RL",65,90.1387818865997,"Pave","None","Reg","Lvl","AllPub","Inside","Gtl","Othr","Norm","Norm","1Fam","6","5",1994,1998,"Gable","CompShg","HdBoard","BrkFace",258,"TA","TA","PConc","Gd","TA","No","GLQ","Unf",0,16.431676725155,"GasA","Ex","Y","SBrkr",40.9756024970958,0,1,0,2,0,3,1,"Gd",7,"Typ",1,"Othr","Attchd",1994,23.9791576165636,"Y",14.9666295470958,6.48074069840786,0,0,0,0,"None","None",0,10,2008,"WD","Normal",12.173032791452
669,"20","RL",81.0840826209492,119.058808997907,"Pave","None","Reg","Othr","AllPub","Corner","Othr","Sawyer","Norm","Norm","1Fam","5","6",1956,1987,"Gable","CompShg","Othr","None",0,"TA","TA","CBlock","TA","TA","No","Rec","Unf",0,14.142135623731,"GasA","Gd","Y","SBrkr",37.9077828420497,0,1,0,1,1,3,1,"TA",6,"Othr",1,"TA","Detchd",1999,24,"Y",17.4355957741627,0,0,0,0,0,"None","None",0,11,2006,"WD","Normal",12.0317192583854
670,"Othr","RL",80,107.70329614269,"Pave","None","Reg","Lvl","AllPub","Inside","Gtl","Othr","Norm","Norm","1Fam","4","5",1922,1950,"Gable","CompShg","MetalSd","None",0,"TA","TA","BrkTil","Othr","TA","No","Unf","Unf",0,26.4575131106459,"GasA","Ex","Y","SBrkr",34.3511280746353,0,0,0,1,0,2,1,"Othr",5,"Typ",1,"Gd","Detchd",1922,15.8745078663875,"Y",0,0,67,0,0,0,"None","None",0,7,2006,"WD","Normal",11.8313791960888
671,"60","RL",64,92.9139386744529,"Pave","None","Reg","Lvl","AllPub","Othr","Gtl","CollgCr","Norm","Norm","1Fam","6","5",2005,2005,"Gable","CompShg","VinylSd","None",0,"Gd","TA","PConc","Gd","TA","No","GLQ","Unf",0,23.3452350598575,"GasA","Ex","Y","SBrkr",27.1661554144122,0,1,0,2,1,3,1,"Gd",7,"Typ",0,"None","Attchd",2005,23.2379000772445,"Y",10,5.91607978309962,0,0,0,0,"None","None",0,2,2009,"WD","Normal",12.0639328783691
672,"Othr","Othr",54,81.4186710773395,"Pave","None","Reg","Lvl","AllPub","Inside","Gtl","Edwards","Othr","Norm","1Fam","6","6",1925,1950,"Othr","CompShg","Wd Sdng","None",0,"TA","Gd","BrkTil","TA","TA","No","BLQ","Unf",0,11,"GasA","TA","N","SBrkr",26.4007575648882,0,1,0,2,0,3,1,"TA",6,"Typ",0,"None","Detchd",1930,17.3205080756888,"Y",12.1243556529821,0,0,0,0,0,"None","None",0,7,2009,"WD","Normal",11.5482926088075
673,"20","RL",73.3840527106116,106.066017177982,"Pave","None","IRG","Lvl","AllPub","Inside","Gtl","Othr","Norm","Norm","1Fam","6","6",1977,1977,"Gable","CompShg","Plywood","None",0,"Gd","TA","CBlock","Gd","TA","No","ALQ","Unf",0,21,"GasA","TA","Y","SBrkr",34.7562943939655,0,1,0,1,1,3,1,"TA",6,"Typ",1,"TA","Attchd",1977,23.3666428910958,"Y",14.0712472794703,6.48074069840786,0,0,0,0,"None","None",0,6,2006,"WD","Normal",12.0137007528827
674,"20","RL",110,120.174872581584,"Pave","None","Reg","Lvl","AllPub","Inside","Gtl","Othr","Norm","Norm","1Fam","6","7",1957,2004,"Hip","CompShg","Othr","BrkFace",106,"TA","TA","PConc","TA","TA","No","GLQ","Unf",0,17.058722109232,"GasA","Ex","Y","SBrkr",42.8835632847831,0,1,0,2,0,3,1,"Gd",7,"Typ",2,"TA","Attchd",1957,20.3960780543711,"Y",0,9.32737905308882,0,0,200,0,"None","None",0,6,2007,"WD","Normal",12.4587749990859
675,"20","RL",80,95.9166304662544,"Pave","None","Reg","Lvl","AllPub","Inside","Gtl","NAmes","Norm","Norm","1Fam","6","6",1965,1965,"Gable","CompShg","HdBoard","None",0,"TA","TA","CBlock","TA","TA","No","Rec","Unf",0,15.6204993518133,"GasA","TA","Y","SBrkr",33.7045990927054,0,1,0,1,0,3,1,"TA",5,"Typ",1,"Gd","Attchd",1965,19.5959179422654,"Y",20.6397674405503,0,0,0,0,0,"None","None",0,7,2008,"WD","Normal",11.8493977015914
676,"Othr","RL",24,47.8434948556227,"Pave","None","Reg","Lvl","AllPub","Inside","Gtl","Othr","Norm","Norm","Othr","6","6",1978,1978,"Gable","CompShg","Plywood","None",0,"TA","TA","CBlock","TA","TA","No","ALQ","Unf",0,23.3238075793812,"GasA","TA","Y","SBrkr",29.2403830344269,0,0,0,2,1,3,1,"TA",7,"Typ",1,"TA","Attchd",1978,20.976176963403,"Y",5.29150262212918,0,0,0,0,0,"None","None",0,4,2009,"WD","Normal",11.9083402372249
677,"Othr","RM",60,97.9795897113271,"Pave","Othr","Reg","Lvl","AllPub","Inside","Gtl","OldTown","Norm","Norm","1Fam","4","Othr",1900,1950,"Gable","CompShg","Othr","None",0,"TA","TA","BrkTil","TA","Othr","No","Unf","Unf",0,33.0907842155486,"Othr","Othr","N","SBrkr",33.0907842155486,0,1,0,2,0,4,2,"TA",8,"Othr",0,"None","Othr",1920,27.9105714739057,"N",0,0,90,0,0,0,"None","None",0,5,2006,"WD","Normal",11.3736633976367
678,"Othr","RL",52,94.984209213953,"Pave","None","Reg","Lvl","AllPub","Inside","Gtl","OldTown","Norm","Norm","1Fam","5","Othr",1924,2006,"Gable","CompShg","VinylSd","None",0,"Gd","TA","BrkTil","TA","TA","No","Unf","Unf",0,27.712812921102,"GasA","Ex","Y","SBrkr",28.1424945589406,0,0,0,1,0,2,1,"Gd",5,"Typ",0,"None","Detchd",1924,15.4919333848297,"N",17.7763888346312,0,120,0,0,0,"None","None",0,5,2009,"WD","Normal",11.6036798282387
679,"20","RL",80,108.830142883302,"Pave","None","IRG","Lvl","AllPub","Inside","Gtl","Othr","Norm","Norm","1Fam","8","5",2008,2008,"Hip","CompShg","VinylSd","Stone",464,"Gd","TA","PConc","Ex","TA","Mn","Unf","Unf",0,45.2327315115946,"GasA","Ex","Y","SBrkr",45.2327315115946,0,0,0,2,1,3,1,"Gd",7,"Typ",1,"Gd","Attchd",2008,28.8790581563873,"Y",17.9443584449264,9.05538513813742,0,0,0,0,"None","None",0,7,2009,"New","Partial",12.8279923168018
680,"20","RL",69.9486547506147,99.724620831568,"Pave","None","IRG","Lvl","AllPub","Inside","Gtl","Sawyer","Norm","Norm","1Fam","5","5",1961,1961,"Hip","CompShg","Wd Sdng","BrkFace",57,"TA","TA","CBlock","TA","TA","No","Rec","Unf",0,12.6885775404495,"GasA","TA","Y","SBrkr",31.4324672910034,0,1,0,1,0,3,1,"TA",5,"Typ",0,"None","Detchd",1963,23.9165214862028,"Y",0,0,0,0,0,0,"None","None",0,10,2007,"WD","Normal",11.7636841833174
681,"120","RL",50,89.509776002401,"Pave","None","Reg","Lvl","AllPub","Inside","Gtl","Othr","Norm","Norm","TwnhsE","6","5",1980,1980,"Gable","CompShg","Plywood","None",0,"TA","TA","CBlock","Gd","TA","No","BLQ","Othr",10.9087121146357,16.1554944214035,"GasA","TA","Y","SBrkr",30.3809150619266,0,0,0,2,0,2,1,"TA",5,"Typ",1,"TA","Attchd",1980,16.2480768092719,"Y",8.94427190999916,0,0,0,0,0,"None","None",0,5,2010,"WD","Normal",11.870599909242
682,"50","Othr",55,67.0820393249937,"Pave","Othr","IRG","Othr","AllPub","Inside","Gtl","Othr","Norm","Norm","1Fam","5","5",1932,2000,"Gable","CompShg","VinylSd","None",0,"TA","TA","BrkTil","TA","TA","No","Rec","Unf",0,24.7184141886165,"GasA","Ex","Y","SBrkr",29.1204395571221,0,0,0,1,0,3,1,"TA",6,"Typ",0,"None","Detchd",1968,16.7630546142402,"Y",0,0,56,0,0,0,"None","None",0,7,2009,"WD","Abnorml",11.9793853224676
683,"120","RL",51.3685483891914,53.7308105280388,"Pave","None","Reg","Othr","AllPub","Inside","Gtl","Othr","Norm","Norm","1Fam","6","5",1996,1997,"Gable","CompShg","Wd Sdng","None",0,"TA","TA","PConc","Gd","TA","Mn","GLQ","Unf",0,16.9705627484771,"GasA","Ex","Y","SBrkr",35.9304884464434,0,1,0,1,0,2,1,"Gd",6,"Typ",1,"Gd","Attchd",1996,20.7605394920267,"Y",17.5214154679352,0,0,0,0,0,"None","None",0,11,2008,"WD","Normal",12.0610468734799
684,"20","RL",90,106.056588668503,"Pave","None","IRG","Lvl","AllPub","Corner","Gtl","CollgCr","Norm","Norm","1Fam","Othr","5",2002,2002,"Hip","CompShg","VinylSd","Stone",215,"Gd","TA","PConc","Gd","TA","Av","GLQ","Unf",0,23.8117617995813,"GasA","Ex","Y","SBrkr",40.8411557133243,0,1,0,2,0,3,1,"Gd",7,"Typ",1,"TA","Attchd",2002,26.4952825989835,"Y",16.0312195418814,6.70820393249937,0,0,0,0,"None","None",0,7,2007,"WD","Normal",12.5602444592508
685,"60","RL",58,129.499034745437,"Pave","None","IRG","Lvl","AllPub","CulDSac","Gtl","Othr","Norm","Norm","1Fam","7","5",1998,1998,"Gable","CompShg","VinylSd","BrkFace",30,"Gd","TA","PConc","Gd","TA","No","Unf","Unf",0,34.5687720348872,"GasA","Gd","Y","SBrkr",34.5687720348872,0,0,0,2,1,4,1,"TA",7,"Typ",0,"None","Attchd",1998,22.0454076850486,"Y",0,9,0,0,0,0,"None","None",0,6,2010,"WD","Normal",12.3059179804999
686,"Othr","RL",57.0942116558527,71.147733625183,"Pave","None","IRG","Lvl","AllPub","CulDSac","Gtl","Othr","Norm","Norm","TwnhsE","7","5",1984,1984,"Gable","CompShg","HdBoard","None",0,"Gd","TA","CBlock","Gd","TA","Mn","GLQ","Othr",13.490737563232,13.4164078649987,"GasA","Gd","Y","SBrkr",34.4963766213207,0,1,0,2,0,3,1,"Gd",6,"Othr",1,"TA","Attchd",1984,24.0208242989286,"Y",14.7986485869487,0,0,0,0,0,"None","None",0,9,2007,"WD","Normal",12.2428866186529
687,"60","Othr",84,101.029698603925,"Pave","None","Reg","Lvl","AllPub","Inside","Gtl","Somerst","Norm","Norm","1Fam","7","6",2007,2007,"Gable","CompShg","VinylSd","None",0,"Gd","TA","PConc","Gd","TA","No","Unf","Unf",0,29.563490998189,"GasA","Ex","Y","SBrkr",29.563490998189,0,0,0,3,0,3,1,"Gd",7,"Typ",0,"None","Attchd",2007,24.0416305603426,"Y",12,10.2469507659596,0,0,0,0,"None","None",0,8,2007,"New","Partial",12.336552511981
688,"Othr","Othr",57.2074086767568,71.449282711585,"Pave","None","IRG","Lvl","AllPub","Othr","Gtl","Somerst","Norm","Norm","TwnhsE","7","5",2004,2004,"Gable","CompShg","MetalSd","None",0,"Gd","TA","PConc","Gd","TA","No","GLQ","Unf",0,17.6635217326557,"GasA","Ex","Y","SBrkr",23.473389188611,0,0,0,2,1,2,1,"Gd",4,"Typ",0,"None","Detchd",2004,21.9089023002066,"Y",0,7.74596669241483,0,0,0,0,"None","None",0,3,2007,"WD","Normal",11.9103584013811
689,"20","RL",60,89.9388681271896,"Pave","None","Reg","Othr","AllPub","Inside","Gtl","Othr","Norm","Norm","1Fam","8","6",2007,2007,"Gable","CompShg","MetalSd","BrkFace",0,"Gd","TA","PConc","Gd","TA","Av","GLQ","Unf",0,21.7715410570772,"GasA","Ex","Y","SBrkr",37.6696164036747,0,1,0,2,0,2,1,"Gd",7,"Typ",1,"Gd","Attchd",2007,23.8117617995813,"Y",11.8321595661992,0,0,0,0,0,"None","None",0,10,2007,"New","Partial",12.8790171187726
690,"120","RL",61,87.0459648691426,"Pave","None","IRG","Lvl","AllPub","Corner","Gtl","NridgHt","Norm","Norm","TwnhsE","6","5",2005,2006,"Gable","CompShg","VinylSd","Stone",256,"Gd","TA","PConc","Gd","TA","Av","ALQ","Unf",0,36.6333181680284,"GasA","Ex","Y","SBrkr",36.9052841744919,0,0,0,2,0,2,1,"Gd",6,"Typ",1,"Gd","Attchd",2005,21.4476105895272,"Y",13.856406460551,5.29150262212918,0,0,0,0,"None","None",0,6,2007,"WD","Normal",12.1792151913603
691,"120","RM",55.4199487420152,66.5281895139196,"Pave","None","Reg","Lvl","AllPub","Inside","Gtl","CollgCr","Norm","Norm","TwnhsE","6","5",2004,2004,"Gable","CompShg","VinylSd","BrkFace",147,"Gd","TA","PConc","Gd","TA","Gd","GLQ","Unf",0,12.2882057274445,"GasA","Ex","Y","SBrkr",29.1204395571221,0,1,0,1,0,1,1,"Gd",3,"Typ",1,"TA","Attchd",2004,20.4939015319192,"Y",12.2065556157337,0,0,0,0,0,"None","None",0,5,2008,"WD","Normal",11.8565151693603
693,"60","RL",42,161.7961680634,"Pave","None","IRG","Lvl","AllPub","Inside","Othr","Othr","Norm","Norm","1Fam","7","5",1989,1990,"Hip","CompShg","MetalSd","BrkFace",293,"Gd","TA","PConc","Gd","TA","Gd","GLQ","Unf",0,15.6524758424985,"GasA","Ex","Y","SBrkr",35.1852241715184,0,1,0,2,1,4,1,"Gd",9,"Typ",2,"Gd","Attchd",1989,25.0599281722833,"Y",17.8885438199983,5.19615242270663,0,0,0,0,"None","None",0,4,2006,"WD","Normal",12.7218858108072
694,"Othr","RL",60,73.4846922834953,"Pave","None","Reg","Lvl","AllPub","Corner","Othr","OldTown","Norm","Norm","1Fam","5","6",1921,1968,"Gable","CompShg","MetalSd","None",0,"TA","TA","BrkTil","TA","TA","No","Unf","Unf",0,32.7566787083184,"GasA","Ex","Y","SBrkr",32.7566787083184,0,0,0,1,0,2,1,"TA",4,"Typ",0,"None","Detchd",1968,18.0554700852678,"Y",0,0,112,0,0,0,"None","None",0,12,2006,"WD","Abnorml",11.5943211031742
695,"50","RM",51,78.2304288624318,"Pave","None","Reg","Lvl","AllPub","Corner","Gtl","Othr","Norm","Norm","1Fam","5","6",1936,1950,"Gable","CompShg","Wd Sdng","None",0,"TA","Othr","BrkTil","TA","TA","No","Unf","Unf",0,30.4466746952767,"GasA","TA","Y","SBrkr",32.6649659421222,0,0,0,1,1,3,1,"TA",5,"Typ",0,"None","Detchd",1995,24,"Y",10.5830052442584,0,0,0,0,0,"MnPrv","None",0,4,2009,"WD","Normal",11.8600549960654
696,"20","RL",54,117.520211027721,"Pave","None","IRG","Lvl","AllPub","Inside","Gtl","Othr","Norm","Norm","1Fam","6","6",1987,1987,"Gable","CompShg","HdBoard","BrkFace",72,"TA","TA","CBlock","Gd","Othr","No","GLQ","Othr",6.32455532033676,9.59166304662544,"GasA","Gd","Y","SBrkr",33.7194306001747,0,1,0,2,0,2,1,"Gd",5,"Typ",1,"TA","Attchd",1987,23.473389188611,"Y",11.1803398874989,0,0,0,0,0,"None","None",0,7,2006,"WD","Normal",12.0782392740203
697,"Othr","RM",50,77.4596669241483,"Pave","None","Reg","Lvl","AllPub","Inside","Gtl","Othr","Norm","Norm","1Fam","5","7",1921,1950,"Gable","CompShg","Wd Sdng","None",0,"TA","TA","CBlock","TA","TA","No","LwQ","Unf",0,0,"GasA","Gd","Y","SBrkr",24.8193472919817,0,0,0,1,0,2,1,"TA",4,"Typ",0,"None","Detchd",1921,14.3178210632764,"Y",0,0,129,0,0,0,"None","None",0,6,2006,"WD","Normal",11.3963916487143
698,"20","RL",57,80.1249024960405,"Pave","None","IRG","Lvl","AllPub","Inside","Gtl","Edwards","Norm","Norm","1Fam","5","7",1952,1952,"Gable","CompShg","Wd Sdng","None",0,"TA","TA","PConc","Ex","Othr","Mn","LwQ","Othr",23.473389188611,14.7986485869487,"GasA","Othr","Y","FuseA",33.8821486921948,0,0,1,1,0,2,1,"TA",6,"Typ",0,"None","Detchd",1952,17.5499287747842,"Y",0,0,0,0,0,0,"None","None",0,9,2006,"WD","Normal",11.7239964350502
699,"20","RL",65,91.9238815542512,"Pave","None","Reg","Lvl","AllPub","Inside","Gtl","Sawyer","Othr","Norm","1Fam","5","Othr",1965,2009,"Gable","CompShg","MetalSd","None",0,"TA","Gd","CBlock","TA","TA","No","GLQ","Othr",10.816653826392,14.9666295470958,"GasA","Ex","Y","SBrkr",29.8998327754521,0,1,0,1,0,3,1,"TA",5,"Typ",1,"Gd","Detchd",1973,18.3303027798234,"Y",20.3960780543711,12,0,0,0,0,"MnPrv","None",0,4,2010,"WD","Normal",11.8386256046095
700,"120","Othr",59,65.4369925959315,"Pave","Othr","IRG","Lvl","AllPub","Inside","Gtl","Somerst","Norm","Norm","TwnhsE","7","5",2004,2004,"Gable","CompShg","MetalSd","None",0,"Gd","TA","PConc","Gd","TA","Mn","GLQ","Unf",0,37.0809924354783,"GasA","Ex","Y","SBrkr",37.296112397943,0,0,0,2,0,2,1,"Gd",5,"Typ",0,"None","Attchd",2004,23.0217288664427,"Y",12.4899959967968,12.5698050899765,0,0,0,0,"None","None",0,7,2008,"WD","Normal",12.1858699382127
701,"20","RL",85,119.712154771351,"Pave","None","Reg","Lvl","AllPub","Inside","Gtl","Othr","Norm","Norm","1Fam","8","5",2002,2002,"Hip","CompShg","VinylSd","BrkFace",630,"Gd","TA","PConc","Ex","TA","Gd","GLQ","Unf",0,22.9346898823594,"GasA","Ex","Y","SBrkr",42.4264068711929,0,1,0,2,0,3,1,"Gd",7,"Typ",1,"Gd","Attchd",2002,27.6586333718787,"Y",16.431676725155,8.83176086632785,0,0,0,0,"None","None",0,5,2006,"WD","Normal",12.6523597481586
702,"20","RL",80,97.9795897113271,"Pave","None","Reg","Lvl","AllPub","Inside","Gtl","Othr","Norm","Norm","1Fam","7","5",1969,1969,"Hip","CompShg","HdBoard","BrkFace",168,"TA","TA","CBlock","TA","TA","No","Unf","Unf",0,34.117444218464,"GasA","TA","Y","SBrkr",34.117444218464,0,0,0,1,1,3,1,"TA",6,"Typ",0,"None","Attchd",1969,22.9782505861521,"Y",0,0,0,0,0,0,"None","None",0,7,2006,"Othr","Normal",11.8493977015914
703,"60","RL",82,111.525781772647,"Pave","None","IRG","Lvl","AllPub","Inside","Gtl","Othr","Norm","Norm","1Fam","8","5",2006,2006,"Hip","CompShg","VinylSd","BrkFace",466,"Othr","TA","PConc","Ex","Othr","No","Unf","Unf",0,35.1283361405006,"GasA","Ex","Y","SBrkr",35.5527776692624,0,0,0,2,1,4,1,"Ex",10,"Typ",1,"Gd","BuiltIn",2006,25.8069758011279,"Y",18,10,0,0,0,0,"None","None",0,7,2006,"New","Partial",12.7991757088645
704,"Othr","RM",76,87.3498712076898,"Pave","None","Reg","Lvl","AllPub","Inside","Gtl","OldTown","Feedr","Norm","Othr","5","Othr",1900,1996,"Gable","CompShg","Wd Sdng","None",0,"TA","Gd","BrkTil","Gd","TA","No","Unf","Unf",0,18.9736659610103,"GasA","Gd","Y","SBrkr",32.124756808418,0,0,0,2,0,4,2,"Gd",8,"Typ",1,"Othr","Detchd",1999,25.9229627936314,"N",18.5472369909914,0,40,0,0,0,"MnPrv","None",0,5,2010,"WD","Normal",11.8493977015914
705,"20","RL",70,91.6515138991168,"Pave","None","Reg","Lvl","AllPub","Inside","Gtl","CollgCr","Norm","Norm","1Fam","7","5",2004,2005,"Gable","CompShg","VinylSd","BrkFace",109,"Gd","TA","PConc","Gd","TA","Av","GLQ","Unf",0,27.5862284482674,"GasA","Ex","Y","SBrkr",38.5227205685164,0,1,0,2,0,3,1,"Gd",7,"Typ",0,"None","Attchd",2004,24.6170672501823,"Y",0,5.91607978309962,0,144,0,0,"None","None",0,5,2010,"WD","Normal",12.2690474446916
706,"Othr","RM",70,74.8331477354788,"Pave","None","Reg","Lvl","AllPub","Inside","Gtl","Othr","Norm","Norm","Othr","4","5",1930,1950,"Hip","CompShg","VinylSd","None",0,"Othr","Othr","Othr","Othr","Othr","Othr","Othr","Othr",0,0,"GasA","Othr","N","SBrkr",19.2873015219859,0,0,0,2,0,3,2,"Othr",7,"Othr",0,"None","None",1936,0,"N",0,0,0,0,0,0,"None","Othr",3500,7,2010,"WD","Normal",10.9150884642146
707,"20","RL",346.897012592381,339.336116557021,"Pave","None","IRG","Othr","AllPub","CulDSac","Othr","Othr","Norm","Norm","1Fam","7","5",1971,2002,"Gable","CompShg","Plywood","Stone",351,"TA","TA","CBlock","Gd","TA","Gd","GLQ","Unf",0,20.591260281974,"GasA","TA","Y","SBrkr",42.7083130081252,0,1,0,2,0,2,1,"Gd",5,"Typ",2,"TA","Attchd",1971,27.1845544381364,"Y",19.4935886896179,6.92820323027551,0,0,0,0,"None","None",0,6,2007,"WD","Normal",12.618182296357
708,"120","RL",48,78.993670632526,"Pave","None","Reg","Lvl","AllPub","Inside","Gtl","NridgHt","Norm","Norm","TwnhsE","8","5",2006,2006,"Hip","CompShg","MetalSd","BrkFace",176,"Gd","TA","PConc","Gd","TA","No","GLQ","Unf",0,21.4709105535839,"GasA","Ex","Y","SBrkr",36.3868107973205,0,1,0,2,0,2,1,"Gd",6,"Typ",1,"Gd","Attchd",2006,23.4520787991171,"Y",13.856406460551,6.16441400296898,0,0,0,0,"None","None",0,12,2009,"WD","Normal",12.4450895460007
709,"60","RL",65,94.9631507480665,"Pave","None","IRG","Lvl","AllPub","Inside","Gtl","Gilbert","Norm","Norm","1Fam","7","5",2007,2007,"Hip","CompShg","VinylSd","None",0,"Gd","TA","PConc","Gd","TA","Av","Unf","Unf",0,26.9814751264641,"GasA","Ex","Y","SBrkr",26.9814751264641,0,0,0,2,1,3,1,"Gd",8,"Typ",1,"Gd","Attchd",2007,20,"Y",10,4.89897948556636,0,0,0,0,"None","None",0,7,2007,"New","Partial",12.0981533033107
710,"20","RL",62.6224382581464,84.6286003665428,"Pave","None","IRG","Lvl","AllPub","Inside","Gtl","Sawyer","Norm","Norm","1Fam","5","7",1966,1966,"Gable","CompShg","HdBoard","None",41,"TA","TA","PConc","TA","TA","No","Unf","Unf",0,29.5972971738975,"GasA","TA","Y","SBrkr",30.0665927567458,0,0,0,1,0,3,1,"TA",6,"Typ",0,"None","Attchd",1966,20.1990098767242,"Y",0,0,0,0,0,0,"MnPrv","None",0,12,2008,"WD","Abnorml",11.6073261403917
711,"Othr","RL",56,64.2650760522385,"Pave","None","IRG","Lvl","AllPub","Inside","Gtl","Othr","Norm","Norm","1Fam","Othr","6",1935,2003,"Gable","CompShg","VinylSd","None",0,"Gd","TA","CBlock","TA","TA","No","Unf","Unf",0,16.431676725155,"GasA","Gd","Y","SBrkr",27,0,0,0,1,0,2,1,"TA",5,"Othr",0,"None","None",1976,0,"N",0,0,0,0,0,0,"None","None",0,7,2008,"WD","Normal",10.8589989975636
712,"50","Othr",66,93.3380951166243,"Pave","Othr","Reg","Othr","AllPub","Inside","Othr","Othr","Norm","Norm","1Fam","4","7",1900,1950,"Gable","CompShg","MetalSd","None",0,"TA","TA","Othr","TA","TA","Mn","Unf","Unf",0,29.3087017795057,"GasA","Gd","Y","SBrkr",29.3087017795057,0,0,0,1,0,2,1,"TA",7,"Typ",0,"None","Detchd",1964,19.5959179422654,"N",8.24621125123532,0,98,0,0,0,"None","None",0,1,2010,"WD","Abnorml",11.5403071417114
713,"120","RL",40,68.3447144993671,"Pave","None","IRG","Othr","AllPub","Inside","Gtl","Othr","Norm","Norm","TwnhsE","8","5",1988,1989,"Gable","CompShg","HdBoard","None",0,"Gd","TA","PConc","Gd","TA","Mn","GLQ","Unf",0,21.4709105535839,"GasA","Gd","Y","SBrkr",35.0428309358705,0,1,0,2,0,2,1,"Gd",5,"Typ",1,"Gd","Attchd",1988,21.7255609824004,"Y",12.9614813968157,10.9544511501033,0,0,0,0,"None","None",0,10,2008,"WD","Normal",12.1495022940418
714,"Othr","RL",60,99.3629709700752,"Pave","None","Reg","Lvl","AllPub","Inside","Gtl","Othr","Othr","Norm","Othr","4","5",1970,1970,"Gable","CompShg","HdBoard","BrkFace",160,"TA","TA","CBlock","TA","TA","Av","ALQ","Unf",0,13.076696830622,"Othr","TA","N","SBrkr",30.9838667696593,0,1,0,1,0,3,1,"TA",6,"Typ",0,"None","Detchd",1970,24,"Y",0,16.9705627484771,0,0,0,0,"None","None",0,5,2006,"WD","Normal",11.7675676833438
715,"60","RL",79.3519049522305,116.262633722104,"Pave","None","IRG","Lvl","AllPub","CulDSac","Gtl","Sawyer","Othr","Norm","1Fam","6","Othr",1976,2005,"Gable","CompShg","HdBoard","BrkFace",289,"Gd","TA","CBlock","TA","TA","No","GLQ","Unf",0,13.856406460551,"GasA","Ex","Y","SBrkr",26.9258240356725,0,0,0,2,1,3,1,"Gd",6,"Typ",0,"None","Attchd",1976,21.7944947177034,"Y",0,6.6332495807108,0,0,0,0,"None","None",0,3,2010,"WD","Normal",11.7791285057449
716,"20","RL",78,100.697567001393,"Pave","None","Reg","Lvl","AllPub","Inside","Gtl","Othr","Norm","Norm","1Fam","6","5",1974,1974,"Hip","CompShg","HdBoard","BrkFace",174,"TA","TA","CBlock","Gd","TA","No","Unf","Unf",0,32.6190128606002,"GasA","TA","Y","SBrkr",36.7423461417477,0,0,0,2,0,3,1,"TA",7,"Typ",1,"TA","Attchd",1974,21.8632111090754,"Y",0,0,0,0,0,0,"MnPrv","None",0,8,2009,"WD","Normal",12.0137007528827
717,"Othr","RM",60,103.923048454133,"Pave","Othr","Reg","Othr","AllPub","Inside","Gtl","OldTown","Norm","Norm","1Fam","7","Othr",1890,1998,"Gable","CompShg","Wd Sdng","None",0,"TA","Gd","BrkTil","TA","TA","No","Unf","Unf",0,26.7955220139485,"GasA","Ex","Y","SBrkr",39.6988664825584,0,0,0,1,1,3,1,"TA",8,"Typ",0,"None","Detchd",1996,26.5329983228432,"Othr",0,6.92820323027551,143,0,0,0,"None","None",0,7,2007,"WD","Normal",11.979799201207
718,"20","RL",80,100,"Pave","None","Reg","Lvl","AllPub","Inside","Gtl","Othr","Norm","Norm","1Fam","5","6",1973,2000,"Gable","CompShg","HdBoard","None",0,"TA","TA","CBlock","Gd","TA","No","BLQ","Unf",0,9.59166304662544,"GasA","Gd","Y","SBrkr",34.322004603461,0,0,1,1,1,3,1,"Gd",5,"Typ",1,"Othr","Attchd",1973,20.952326839757,"Y",14.9666295470958,0,0,0,0,0,"MnPrv","None",0,11,2008,"WD","Normal",11.9640010843304
719,"60","RL",96,102.674242144756,"Pave","None","Reg","Lvl","AllPub","Inside","Gtl","Othr","Norm","Norm","1Fam","7","5",1993,1994,"Hip","CompShg","Wd Sdng","BrkFace",651,"Gd","TA","PConc","Gd","TA","Gd","GLQ","Unf",0,11.7473401244707,"GasA","Ex","Y","SBrkr",36.4005494464026,0,1,0,2,1,3,1,"Gd",9,"Typ",1,"TA","Attchd",1993,31.3528308131818,"Y",15.8113883008419,12.4096736459909,216,0,0,0,"None","None",0,8,2008,"WD","Normal",12.7396377562657
720,"20","RL",69,99.5991967839099,"Pave","None","IRG","Lvl","AllPub","Inside","Gtl","CollgCr","Norm","Norm","1Fam","5","6",1969,1969,"Gable","CompShg","HdBoard","None",0,"TA","TA","CBlock","Gd","TA","Gd","ALQ","Unf",0,21.1660104885167,"GasA","TA","Y","SBrkr",31.1608729017658,0,0,0,1,1,3,1,"TA",5,"Typ",1,"Othr","Attchd",1969,17.3205080756888,"Y",0,0,0,0,0,0,"None","None",0,5,2006,"WD","Normal",11.7636841833174
721,"120","RL",61.0455774320636,81.0123447383175,"Pave","None","IRG","Othr","AllPub","CulDSac","Othr","Othr","Norm","Norm","1Fam","8","5",1985,1985,"Gable","CompShg","HdBoard","None",0,"Gd","TA","PConc","Gd","TA","Gd","GLQ","Unf",0,24.3721152139079,"GasA","TA","Y","SBrkr",41.7372735094184,0,1,0,2,0,2,1,"Gd",5,"Typ",1,"TA","Attchd",1985,23.7486841740758,"Y",10.6770782520313,5.29150262212918,234,0,0,0,"None","None",0,12,2006,"WD","Normal",12.5245263766487
722,"120","RM",55.4199487420152,66.5281895139196,"Pave","None","Reg","Lvl","AllPub","Inside","Gtl","CollgCr","Norm","Norm","TwnhsE","6","5",2004,2004,"Gable","CompShg","VinylSd","BrkFace",169,"Gd","TA","PConc","Gd","TA","Av","GLQ","Unf",0,13.6381816969859,"GasA","Ex","Y","SBrkr",29.1204395571221,0,1,0,1,0,1,1,"Gd",3,"Typ",0,"None","Attchd",2004,20.4939015319192,"Y",12.6491106406735,0,0,0,0,0,"None","None",0,5,2010,"WD","Normal",11.870599909242
723,"20","RL",70,90.1110426085505,"Pave","None","Reg","Lvl","AllPub","Inside","Gtl","NAmes","Norm","Norm","1Fam","4","7",1970,1970,"Gable","CompShg","MetalSd","None",0,"TA","Gd","CBlock","TA","TA","No","ALQ","Unf",0,25.9422435421457,"GasA","Ex","Y","SBrkr",29.3938769133981,0,0,0,1,0,3,1,"TA",5,"Typ",0,"None","Detchd",1994,21.51743479135,"Y",0,0,0,0,0,0,"None","None",0,7,2009,"WD","Normal",11.7320609948869
724,"50","RL",60,90.3991150399162,"Pave","None","Reg","Lvl","AllPub","Inside","Gtl","Edwards","Norm","Norm","1Fam","4","6",1954,1972,"Gable","CompShg","MetalSd","None",0,"TA","TA","PConc","TA","TA","No","Unf","Unf",0,30.6757233003559,"GasA","Ex","Y","SBrkr",31.5753068076939,0,0,0,2,0,4,1,"TA",7,"Typ",0,"None","Detchd",1958,23.4093998214393,"Y",0,0,0,0,156,0,"None","None",0,5,2008,"WD","Normal",11.8130300574206
725,"20","RL",86,115.26491226735,"Pave","None","IRG","Lvl","AllPub","Inside","Gtl","Edwards","Norm","Norm","1Fam","Othr","5",2007,2008,"Hip","CompShg","Othr","Stone",340,"Othr","TA","PConc","Ex","TA","No","GLQ","Unf",0,21.540659228538,"GasA","Ex","Y","SBrkr",41.206795556073,0,1,0,2,0,3,1,"Ex",8,"Typ",1,"Gd","Attchd",2007,27.712812921102,"Y",18.0831413200251,8,0,0,0,0,"None","None",0,2,2009,"WD","Normal",12.6760762747759
726,"20","RL",60,83.4266144584568,"Pave","None","Reg","Lvl","AllPub","Inside","Gtl","NAmes","Norm","Norm","1Fam","4","6",1970,1970,"Gable","CompShg","HdBoard","None",0,"TA","TA","CBlock","TA","TA","No","ALQ","Othr",15.4596248337403,15.8113883008419,"GasA","TA","Y","SBrkr",29.3938769133981,0,0,0,1,0,3,1,"Gd",5,"Typ",0,"None","Detchd",1989,25.6904651573303,"Y",9.79795897113271,0,0,0,0,0,"None","Othr",500,11,2009,"WD","Normal",11.6994050319128
727,"20","RL",100.880398834877,147.292226543019,"Pave","None","IRG","Lvl","AllPub","Corner","Gtl","Othr","Norm","Norm","1Fam","6","Othr",1988,2007,"Hip","CompShg","Wd Sdng","BrkFace",260,"Gd","Gd","CBlock","Gd","TA","No","GLQ","Unf",0,8.48528137423857,"GasA","Ex","Y","SBrkr",40.9878030638384,0,1,0,2,0,3,1,"Gd",5,"Typ",1,"Gd","Attchd",1988,23.2379000772445,"Y",17.0880074906351,6.6332495807108,0,182,0,0,"None","None",0,12,2009,"WD","Normal",12.3104326608544
728,"20","RL",64,85.5219270129012,"Pave","None","Reg","Lvl","AllPub","Inside","Gtl","CollgCr","Norm","Norm","1Fam","7","5",2007,2007,"Gable","CompShg","VinylSd","Stone",82,"Gd","TA","PConc","Gd","TA","Av","GLQ","Unf",0,22.5388553391693,"GasA","Ex","Y","SBrkr",35.0998575495685,0,1,0,2,0,2,1,"Gd",6,"Typ",0,"None","Attchd",2007,25.1396101799531,"Y",11.4891252930761,0,0,0,0,0,"None","None",0,2,2009,"WD","Normal",12.1781874420406
729,"Othr","RL",85,107.121426428143,"Pave","None","Reg","Lvl","AllPub","Corner","Gtl","NAmes","Norm","Norm","Othr","5","5",1958,1958,"Gable","CompShg","VinylSd","BrkFace",95,"TA","TA","CBlock","TA","TA","No","Unf","Unf",0,39.7994974842648,"GasA","TA","Y","SBrkr",42.142615011411,0,1,0,2,0,4,2,"TA",9,"Typ",0,"None","Detchd",1968,29.7993288515027,"Y",0,5,0,0,0,0,"None","None",0,7,2009,"Othr","Abnorml",11.6082356447746
730,"Othr","RM",52,78.993670632526,"Pave","Othr","Reg","Lvl","AllPub","Inside","Gtl","Othr","Norm","Norm","1Fam","4","5",1925,1950,"Gable","CompShg","MetalSd","None",0,"TA","TA","CBlock","TA","TA","No","BLQ","Unf",0,25.0599281722833,"GasA","TA","Y","FuseA",29.1204395571221,360,0,0,1,0,2,1,"TA",5,"Typ",0,"None","Detchd",1962,23.2163735324878,"Y",0,4.79583152331272,112,0,0,0,"None","None",0,1,2009,"WD","Normal",11.5424842672118
731,"120","RL",39,73.4098086089318,"Pave","None","IRG","Lvl","AllPub","Inside","Gtl","Othr","Norm","Norm","TwnhsE","8","5",1995,1996,"Gable","CompShg","Othr","None",0,"Gd","TA","PConc","Gd","TA","No","GLQ","Unf",0,20.3715487874634,"GasA","Ex","Y","SBrkr",40.1995024844836,0,1,0,2,0,2,1,"Gd",5,"Typ",1,"TA","Attchd",1995,24.6576560118759,"Y",15.3948043183407,12.328828005938,0,0,0,0,"None","None",0,3,2010,"WD","Normal",12.3737034869141
732,"Othr","RL",73,97.9285453787607,"Pave","None","IRG","Lvl","AllPub","Corner","Gtl","Othr","Norm","Norm","1Fam","7","5",2003,2003,"Gable","CompShg","VinylSd","BrkFace",442,"Gd","TA","PConc","Ex","TA","Av","GLQ","Unf",0,9.05538513813742,"GasA","Ex","Y","SBrkr",33.8526217596215,0,1,0,2,0,3,1,"Gd",6,"Typ",1,"Gd","Attchd",2003,20.9284495364563,"Y",12.6491106406735,4.69041575982343,0,0,0,0,"None","None",0,5,2007,"WD","Normal",12.1415341243926
733,"60","RL",75,106.7895125937,"Pave","None","IRG","Lvl","AllPub","Inside","Gtl","CollgCr","Norm","Norm","1Fam","7","5",1998,1999,"Gable","CompShg","VinylSd","BrkFace",202,"Gd","TA","PConc","Gd","TA","Av","ALQ","Unf",0,30.0166620396073,"GasA","Ex","Y","SBrkr",33.9558536926993,0,0,0,2,1,3,1,"Gd",8,"Typ",1,"TA","Attchd",1998,23.259406699226,"Y",13.856406460551,9.16515138991168,0,0,0,0,"None","None",0,7,2008,"WD","Normal",12.3126823805884
734,"20","RL",80,100,"Pave","None","Reg","Lvl","AllPub","Corner","Gtl","Sawyer","Feedr","Norm","1Fam","5","6",1961,1983,"Hip","CompShg","HdBoard","None",0,"TA","TA","CBlock","TA","TA","No","BLQ","Unf",0,16.431676725155,"GasA","Ex","Y","SBrkr",33.8230690505755,0,1,0,1,0,3,1,"TA",6,"Typ",1,"TA","Attchd",1961,16.2480768092719,"Y",12.8452325786651,0,0,0,0,0,"Othr","Othr",400,3,2009,"WD","Normal",11.7860013850326
735,"20","RL",67.4030380247014,94.7523086789974,"Pave","None","IRG","Lvl","AllPub","Corner","Gtl","Sawyer","Norm","Norm","1Fam","5","5",1968,1968,"Gable","CompShg","Plywood","None",0,"TA","TA","PConc","TA","TA","No","Unf","Unf",0,30.7896086366813,"GasA","TA","Y","SBrkr",30.7896086366813,0,0,0,1,0,3,1,"TA",6,"Typ",0,"None","Attchd",1968,17.3205080756888,"Y",12.1243556529821,0,0,0,0,0,"None","None",0,5,2007,"WD","Othr",11.5898865061064
736,"Othr","RM",60,103.923048454133,"Pave","None","Reg","Lvl","AllPub","Inside","Gtl","OldTown","Norm","Norm","1Fam","7","7",1914,1970,"Gable","CompShg","Wd Sdng","None",0,"TA","TA","BrkTil","Gd","TA","Mn","Rec","Unf",0,22.1359436211787,"Othr","Othr","N","SBrkr",29.6647939483827,0,0,0,1,1,2,1,"TA",6,"Typ",2,"TA","Detchd",1914,17.8885438199983,"N",0,18.4661853126194,0,0,0,0,"None","None",0,10,2006,"WD","Normal",12.0015054797889
737,"Othr","RL",60,92.4337600663307,"Pave","None","Reg","Lvl","AllPub","Inside","Gtl","NAmes","Norm","Norm","Othr","Othr","Othr",1950,1950,"Gable","CompShg","Othr","None",0,"TA","TA","CBlock","Othr","Othr","Othr","Othr","Othr",0,0,"GasA","Gd","N","Othr",32.2490309931942,0,0,0,2,0,2,2,"TA",6,"Typ",0,"None","Detchd",1949,20,"Y",0,0,0,0,0,0,"None","None",0,7,2006,"WD","Normal",11.4457167152768
738,"60","RL",72,102.288806816777,"Pave","None","IRG","Othr","AllPub","CulDSac","Gtl","Gilbert","Norm","Norm","1Fam","8","5",2005,2005,"Gable","CompShg","VinylSd","None",0,"Gd","TA","PConc","Gd","TA","No","Unf","Unf",0,29.8831055949679,"GasA","Ex","Y","SBrkr",30.0166620396073,0,0,0,2,1,3,1,"Gd",8,"Typ",1,"Gd","Attchd",2005,28.2842712474619,"Y",0,10.770329614269,0,0,0,0,"None","None",0,6,2006,"WD","Normal",12.3879774488278
739,"Othr","RL",60,103.923048454133,"Pave","None","Reg","Lvl","AllPub","Inside","Gtl","Edwards","Norm","Norm","Othr","5","5",1987,1988,"Gable","CompShg","Plywood","None",0,"TA","TA","CBlock","Gd","Othr","Gd","GLQ","Unf",0,0,"GasA","TA","Y","SBrkr",34.6410161513775,0,3,0,3,0,3,1,"TA",5,"Typ",0,"None","None",1997,0,"Y",10.9544511501033,0,0,0,0,0,"None","None",0,3,2009,"WD","Othr",12.0951410848229
740,"60","RL",65,96.5038859321219,"Pave","None","IRG","Lvl","AllPub","Inside","Gtl","CollgCr","Norm","Norm","1Fam","7","5",2004,2004,"Gable","CompShg","VinylSd","None",0,"Gd","TA","PConc","Gd","TA","No","Unf","Unf",0,29.3938769133981,"GasA","Ex","Y","SBrkr",29.3938769133981,0,0,0,2,1,3,1,"Gd",7,"Typ",0,"None","Attchd",2004,23.9165214862028,"Y",13.6747943311773,7.48331477354788,0,0,0,0,"None","None",0,4,2009,"WD","Normal",12.1547793511426
741,"Othr","RM",60,97.9795897113271,"Pave","Othr","Reg","Lvl","AllPub","Inside","Gtl","OldTown","Norm","Norm","1Fam","5","7",1910,2002,"Gable","CompShg","Wd Sdng","None",0,"TA","Gd","BrkTil","Othr","Othr","No","Unf","Unf",0,16.2480768092719,"GasA","Ex","Y","SBrkr",27.712812921102,0,0,0,2,0,2,1,"TA",7,"Typ",0,"None","Detchd",1910,18.9736659610103,"Y",16.431676725155,0,112,0,0,0,"Othr","None",0,5,2007,"WD","Abnorml",11.7905572015685
742,"20","RL",65,82.2678552048125,"Pave","None","IRG","Lvl","AllPub","Inside","Gtl","Sawyer","Feedr","Norm","1Fam","6","Othr",1961,1996,"Hip","CompShg","HdBoard","None",0,"TA","Gd","CBlock","TA","TA","Mn","GLQ","Unf",0,8.94427190999916,"GasA","Gd","Y","SBrkr",30.199337741083,0,1,1,1,0,3,1,"Gd",5,"Typ",0,"None","Detchd",1962,16.9705627484771,"Y",12.9614813968157,0,0,0,0,0,"Othr","None",0,5,2008,"WD","Normal",11.8635823365834
743,"20","RL",65,91.9238815542512,"Pave","None","Reg","Lvl","AllPub","Inside","Gtl","Othr","Norm","Norm","1Fam","7","5",2000,2001,"Gable","CompShg","VinylSd","BrkFace",108,"TA","TA","PConc","Gd","TA","No","Unf","Unf",0,36.7287353444139,"GasA","Ex","Y","SBrkr",36.7287353444139,0,0,0,2,0,3,1,"TA",6,"Typ",0,"None","Attchd",2000,23.2163735324878,"Y",10.9544511501033,7.41619848709566,0,0,0,0,"Othr","None",0,12,2007,"WD","Normal",12.0951410848229
744,"Othr","RL",70,113.516518621741,"Pave","None","IRG","Lvl","AllPub","Inside","Gtl","Sawyer","Norm","Norm","1Fam","5","6",1963,1999,"Gable","CompShg","HdBoard","None",0,"TA","TA","CBlock","Gd","TA","Av","ALQ","Unf",0,8.71779788708135,"GasA","Ex","Y","SBrkr",38.262252939418,0,0,1,2,0,3,1,"TA",6,"Othr",1,"TA","Attchd",1997,21.9089023002066,"Y",17.3781471969828,0,0,0,100,0,"None","None",0,10,2009,"WD","Normal",12.0725412529057
745,"120","RL",41,73.4506637138154,"Pave","None","IRG","Othr","AllPub","Inside","Gtl","Othr","Norm","Norm","TwnhsE","8","5",1993,1993,"Gable","CompShg","HdBoard","None",0,"Gd","TA","PConc","Gd","TA","No","GLQ","Unf",0,24.576411454889,"GasA","Gd","Y","SBrkr",36.5650105975644,0,1,0,2,0,2,1,"Gd",5,"Typ",1,"TA","Attchd",1993,21.4941852602047,"Y",9.79795897113271,0,70,168,0,0,"None","None",0,10,2008,"WD","Normal",12.1007121298723
746,"60","RL",67.3635506918279,94.6731218456432,"Pave","None","IRG","Lvl","AllPub","Inside","Gtl","Othr","Norm","Norm","1Fam","8","Othr",1976,1996,"Hip","CompShg","VinylSd","BrkFace",289,"Othr","Gd","CBlock","TA","Othr","No","GLQ","Othr",8.94427190999916,22.0680764907139,"GasA","Ex","Y","SBrkr",34.2782730020052,0,0,1,3,1,4,1,"Gd",11,"Typ",2,"TA","BuiltIn",1994,28.8270706107991,"Y",0,14.2828568570857,0,0,0,0,"None","None",0,7,2008,"WD","Normal",12.6108708646506
747,"60","RL",66.9212925636444,93.7816613203242,"Pave","None","IRG","Lvl","AllPub","Inside","Gtl","Gilbert","Norm","Norm","1Fam","7","5",2000,2000,"Gable","CompShg","VinylSd","None",0,"Gd","TA","PConc","Gd","TA","No","GLQ","Unf",0,25.5342906696074,"GasA","Ex","Y","SBrkr",31.3049516849971,0,0,0,2,1,4,1,"Gd",8,"Typ",1,"TA","BuiltIn",2000,23.5372045918796,"Y",14.9666295470958,7.34846922834953,0,0,0,0,"None","None",0,4,2009,"WD","Normal",12.3715870840077
748,"Othr","RM",65,108.16653826392,"Pave","Othr","IRG","Lvl","AllPub","Corner","Gtl","OldTown","Norm","Norm","1Fam","7","7",1880,2003,"Othr","CompShg","Othr","None",0,"Gd","TA","Othr","TA","Othr","No","Unf","Unf",0,35.213633723318,"Othr","TA","N","SBrkr",36.3318042491699,0,0,0,1,1,4,1,"Gd",8,"Typ",1,"Gd","Detchd",1950,29.3938769133981,"N",13.4536240470737,0,386,0,0,0,"None","None",0,5,2009,"WD","Normal",12.4911726372789
749,"20","RL",59,102.922300790451,"Pave","None","IRG","Lvl","AllPub","Inside","Gtl","Othr","Norm","Norm","1Fam","7","5",1996,1996,"Hip","CompShg","VinylSd","BrkFace",338,"Gd","TA","PConc","Gd","TA","No","GLQ","Unf",0,28.3019433961698,"GasA","Ex","Y","SBrkr",41.4728827066554,0,1,0,2,0,3,1,"Gd",7,"Typ",1,"TA","Attchd",1996,22.956480566498,"Y",15.4919333848297,7.48331477354788,154,0,0,0,"None","None",0,3,2010,"WD","Normal",12.4699741893166
750,"50","RL",50,91.6787870774914,"Pave","None","Reg","Lvl","AllPub","Inside","Gtl","Edwards","Norm","Norm","1Fam","4","Othr",1945,1950,"Gable","CompShg","Othr","None",0,"TA","TA","Othr","Othr","Othr","Othr","Othr","Othr",0,0,"Othr","TA","N","Othr",32.9848450049413,0,0,0,2,0,4,1,"TA",9,"Othr",0,"None","Detchd",1945,15.4919333848297,"N",9.59166304662544,0,185,0,0,0,"None","None",0,4,2009,"WD","Normal",11.4927227576527
751,"50","RM",55,93.8083151964686,"Pave","Othr","Reg","Lvl","AllPub","Corner","Gtl","OldTown","Norm","Norm","1Fam","4","7",1910,2004,"Gable","CompShg","Wd Sdng","None",0,"TA","TA","BrkTil","TA","Othr","No","Unf","Unf",0,24,"GasA","Gd","Y","SBrkr",28.1424945589406,0,0,0,1,0,3,1,"TA",7,"Othr",0,"None","None",1981,0,"N",0,12.6491106406735,0,0,0,0,"None","None",0,6,2010,"WD","Normal",11.4772982873271
752,"60","RL",64.1703417067887,88.034084308295,"Pave","None","Reg","Lvl","AllPub","Inside","Gtl","Gilbert","Othr","Norm","1Fam","7","5",2003,2003,"Gable","CompShg","VinylSd","None",0,"Gd","TA","PConc","Gd","TA","No","Unf","Unf",0,25.6904651573303,"GasA","Ex","Y","SBrkr",25.6904651573303,0,0,0,2,1,3,1,"Gd",6,"Typ",0,"None","Attchd",2003,20,"Y",0,6.92820323027551,0,0,0,0,"None","None",0,8,2007,"WD","Normal",11.9953516142145
753,"20","RL",79,96.1041102138717,"Pave","None","IRG","Lvl","AllPub","Inside","Gtl","CollgCr","Norm","Norm","1Fam","6","5",1997,1997,"Gable","CompShg","VinylSd","None",0,"TA","Gd","PConc","Gd","TA","Gd","GLQ","Unf",0,16.7032930884901,"GasA","Ex","Y","SBrkr",38.6522961801754,0,1,0,2,0,3,1,"Gd",6,"Typ",0,"None","Attchd",1997,24,"Y",12.9614813968157,5.19615242270663,0,0,0,0,"None","None",0,7,2006,"WD","Normal",12.2876526325226
754,"60","RL",80,101.192885125388,"Pave","None","Reg","Lvl","AllPub","Inside","Gtl","NridgHt","Norm","Norm","1Fam","8","5",2005,2005,"Gable","CompShg","VinylSd","BrkFace",178,"Gd","TA","PConc","Gd","TA","Mn","Unf","Unf",0,32.0936130717624,"GasA","Gd","Y","SBrkr",32.218007387174,0,0,0,2,1,3,1,"Ex",8,"Typ",1,"Gd","Attchd",2005,29.6310647800581,"Y",13.856406460551,7.21110255092798,0,0,0,0,"None","None",0,3,2006,"WD","Normal",12.5263429075751
755,"20","RL",61,89.0505474435727,"Pave","None","Reg","Lvl","AllPub","Inside","Gtl","NAmes","Norm","Norm","1Fam","6","Othr",1969,2005,"Gable","CompShg","Plywood","None",0,"TA","TA","CBlock","TA","TA","No","GLQ","Othr",21.7255609824004,10.7238052947636,"GasA","Gd","Y","SBrkr",32.0312347560939,0,1,0,1,0,3,1,"Gd",5,"Typ",0,"None","Detchd",1969,20.976176963403,"Y",13.076696830622,6.92820323027551,0,0,0,0,"None","None",0,7,2009,"WD","Normal",11.9576112862317
756,"Othr","Othr",34,56.8330889535313,"Pave","Othr","Reg","Lvl","AllPub","Inside","Gtl","Somerst","Norm","Norm","TwnhsE","6","5",1999,1999,"Gable","CompShg","MetalSd","BrkFace",894,"TA","TA","PConc","Gd","TA","No","GLQ","Unf",0,18.6547581061776,"GasA","Gd","Y","SBrkr",27.2396769437525,0,0,0,2,1,3,1,"TA",6,"Typ",0,"None","Detchd",1999,20.976176963403,"Y",0,4.89897948556636,0,0,0,0,"None","None",0,3,2009,"WD","Normal",12.0581525154536
757,"60","RL",68,103.773792452623,"Pave","None","IRG","Lvl","AllPub","Inside","Gtl","CollgCr","Norm","Norm","1Fam","8","5",2007,2007,"Gable","CompShg","VinylSd","None",0,"Gd","TA","PConc","Gd","TA","Av","GLQ","Unf",0,29.086079144498,"GasA","Ex","Y","SBrkr",29.4278779391243,0,0,0,2,1,3,1,"Gd",7,"Typ",0,"None","Attchd",2007,24.0416305603426,"Y",12,10.2469507659596,0,0,0,0,"None","None",0,4,2009,"WD","Normal",12.2643415536542
758,"60","RL",74.3475436327256,107.77754868246,"Pave","None","IRG","Lvl","AllPub","CulDSac","Gtl","Sawyer","Norm","Norm","1Fam","6","5",1978,1978,"Hip","CompShg","HdBoard","None",328,"TA","TA","CBlock","TA","TA","Mn","Rec","Unf",0,15.2970585407784,"GasA","TA","Y","SBrkr",25.9229627936314,0,0,0,2,1,3,1,"TA",6,"Typ",1,"TA","Attchd",1978,20.976176963403,"Y",18.3030052177231,0,0,0,0,0,"Othr","None",0,4,2010,"WD","Abnorml",11.9760303525248
759,"Othr","Othr",24,47.7493455452533,"Pave","Othr","Reg","Lvl","AllPub","Inside","Gtl","Somerst","Norm","Norm","Othr","7","5",1999,1999,"Gable","CompShg","MetalSd","BrkFace",360,"TA","TA","PConc","Gd","TA","No","ALQ","Unf",0,13.9642400437689,"GasA","Gd","Y","SBrkr",27.5136329843952,0,0,0,2,1,3,1,"TA",6,"Typ",0,"None","Detchd",1999,20.976176963403,"Y",0,0,0,0,0,0,"None","None",0,8,2008,"WD","Normal",12.0973732286068
760,"60","RL",65,110.711336366246,"Pave","None","IRG","Lvl","AllPub","Inside","Gtl","Othr","Norm","Norm","1Fam","8","5",1995,1995,"Gable","CompShg","VinylSd","BrkFace",513,"Gd","TA","PConc","Gd","TA","Av","LwQ","Othr",8,34.6121365997536,"GasA","Ex","Y","SBrkr",36.4417343165772,0,0,0,2,1,4,1,"Gd",9,"Typ",1,"TA","Attchd",1995,27.4226184016042,"Y",14.8996644257513,9.89949493661167,0,0,0,0,"None","None",0,11,2007,"WD","Normal",12.5776362019627
761,"20","RL",70,95.3939201416946,"Pave","None","Reg","Lvl","AllPub","Inside","Gtl","NAmes","Norm","Norm","1Fam","6","6",1959,1959,"Hip","CompShg","Wd Sdng","None",0,"TA","TA","CBlock","TA","TA","No","Rec","Unf",0,15.8745078663875,"GasA","Ex","Y","SBrkr",29.3938769133981,0,0,0,1,0,2,1,"TA",5,"Typ",0,"None","Detchd",2008,17.3205080756888,"Y",0,0,0,0,0,0,"None","Othr",450,10,2009,"WD","Normal",11.7558716435806
762,"Othr","RM",60,83.1324244804637,"Pave","None","Reg","Lvl","AllPub","Othr","Gtl","Othr","Feedr","Norm","1Fam","5","5",1924,1950,"Gable","CompShg","Wd Sdng","None",0,"TA","TA","PConc","TA","TA","Mn","LwQ","Unf",0,27.2029410174709,"GasA","TA","Y","SBrkr",36.0693775937429,0,0,0,1,0,2,1,"Othr",5,"Othr",0,"None","Detchd",1965,20.976176963403,"Y",0,0,0,0,0,0,"None","None",0,10,2009,"WD","Normal",11.5129254649702
763,"60","Othr",72,92.951600308978,"Pave","None","Reg","Lvl","AllPub","Inside","Gtl","Somerst","Norm","Norm","1Fam","7","5",2009,2009,"Gable","CompShg","VinylSd","None",0,"TA","TA","PConc","Gd","TA","Mn","GLQ","Unf",0,27.0554985169374,"GasA","Ex","Y","SBrkr",27.6405499221705,0,0,0,2,1,3,1,"Gd",7,"Typ",0,"None","Attchd",2009,24.7790233867277,"Y",13,6.70820393249937,0,0,0,0,"None","None",0,6,2010,"Othr","Normal",12.2793231072698
764,"60","RL",82,97.1081870904817,"Pave","None","Reg","Lvl","AllPub","Inside","Gtl","Othr","Norm","Norm","1Fam","8","5",1999,1999,"Gable","CompShg","VinylSd","BrkFace",673,"Gd","TA","PConc","Gd","TA","Mn","GLQ","Unf",0,9.4339811320566,"GasA","Ex","Y","SBrkr",35.6089876295297,0,1,0,2,1,3,1,"Gd",8,"Typ",1,"Gd","Attchd",1999,29.2574776766556,"Y",0,11.3137084989848,0,0,180,0,"None","None",0,7,2009,"WD","Normal",12.7278382093345
765,"120","RL",30,97.718984849414,"Pave","None","IRG","Lvl","AllPub","CulDSac","Gtl","Othr","Norm","Norm","TwnhsE","8","5",1995,1996,"Hip","CompShg","Othr","None",0,"Gd","Gd","PConc","Gd","Othr","Av","LwQ","Othr",32.5115364140177,0,"GasA","Ex","Y","SBrkr",38.6522961801754,0,1,0,1,1,2,1,"Ex",6,"Typ",1,"Gd","Attchd",1995,21.9317121994613,"Y",0,5.47722557505166,0,0,216,0,"None","None",0,4,2006,"WD","Normal",12.5061772379805
766,"20","RL",75,120.776653373075,"Pave","None","IRG","Lvl","AllPub","Inside","Gtl","Somerst","Norm","Norm","1Fam","Othr","5",2008,2008,"Gable","CompShg","VinylSd","Stone",284,"Gd","TA","PConc","Gd","TA","No","Unf","Unf",0,38.7040049607273,"GasA","Ex","Y","SBrkr",38.8072158238645,0,0,0,2,0,2,1,"Ex",6,"Typ",1,"Gd","Attchd",2008,24.3310501211929,"Y",0,13.1909059582729,0,0,0,0,"None","None",0,8,2008,"New","Partial",12.4842042571701
767,"60","RL",80,102.083299319722,"Pave","None","Reg","Lvl","AllPub","Inside","Gtl","Othr","Norm","Norm","1Fam","7","5",1988,1988,"Gable","CompShg","HdBoard","BrkFace",42,"TA","TA","CBlock","Gd","TA","No","GLQ","Unf",0,24.2074368738204,"GasA","TA","Y","SBrkr",31.3049516849971,0,0,0,2,1,3,1,"TA",7,"Typ",1,"TA","Attchd",1988,22.2710574513201,"Y",15.0996688705415,8.12403840463596,156,0,0,0,"MnPrv","Othr",500,3,2010,"WD","Normal",12.1884177102915
768,"50","RL",75,111.839170240127,"Pave","None","IRG","Lvl","AllPub","Inside","Gtl","Othr","Norm","Norm","1Fam","6","7",1940,1985,"Gable","CompShg","VinylSd","None",0,"TA","TA","CBlock","Gd","TA","Mn","ALQ","Unf",0,17.9722007556114,"GasA","Ex","Y","SBrkr",31.3528308131818,0,1,0,2,0,4,1,"TA",7,"Othr",0,"None","Attchd",1989,20.5669638012031,"Y",15.6524758424985,0,156,0,0,0,"None","Othr",1300,7,2008,"WD","Normal",11.982929094216
769,"20","RL",70,95.3939201416946,"Pave","None","Reg","Lvl","AllPub","Inside","Gtl","CollgCr","Norm","Norm","1Fam","7","5",2004,2005,"Hip","CompShg","VinylSd","None",0,"Gd","TA","PConc","Gd","TA","No","GLQ","Unf",0,42.8485705712571,"GasA","Ex","Y","SBrkr",42.8485705712571,0,0,0,2,0,3,1,"Gd",8,"Typ",1,"Gd","Attchd",2004,22,"Y",10.9544511501033,5.74456264653803,0,0,0,0,"None","None",0,10,2006,"WD","Normal",12.2869011981928
770,"60","RL",47,231.309316716815,"Pave","None","IRG","Othr","AllPub","CulDSac","Othr","Othr","Norm","Norm","1Fam","8","5",2003,2003,"Hip","CompShg","Othr","BrkFace",603,"Othr","TA","PConc","Gd","TA","Gd","ALQ","Unf",0,15.2970585407784,"GasA","Ex","Y","SBrkr",41.1096095821889,0,1,0,3,1,4,1,"Ex",12,"Othr",1,"Gd","BuiltIn",2003,29,"Y",22.4276614920058,6,0,0,210,0,"None","None",0,6,2010,"WD","Normal",13.1956138391439
771,"Othr","RL",62.8593622553876,85.1586754241751,"Pave","None","IRG","Lvl","AllPub","CulDSac","Gtl","Sawyer","Norm","Norm","1Fam","5","5",1982,1982,"Hip","CompShg","Wd Sdng","None",0,"TA","TA","CBlock","Gd","TA","Av","GLQ","Unf",0,13.1529464379659,"GasA","TA","Y","SBrkr",29.2916370317536,0,1,0,1,0,2,1,"TA",5,"Typ",0,"None","Detchd",1983,24,"Y",10.9544511501033,0,0,0,0,0,"None","None",0,4,2009,"WD","Normal",11.8122890421958
772,"20","RL",67,94.2178327069775,"Pave","None","Reg","Lvl","AllPub","Inside","Gtl","Edwards","Norm","Norm","1Fam","4","5",1951,1951,"Gable","CompShg","Wd Sdng","None",0,"TA","TA","CBlock","Othr","Othr","No","LwQ","Unf",0,0,"GasA","TA","Y","Othr",34.928498393146,0,0,0,1,0,2,1,"TA",6,"Typ",0,"None","Detchd",1951,19.8997487421324,"Y",0,0,0,0,0,0,"None","None",0,4,2006,"Othr","Normal",11.5327280922664
773,"Othr","RL",94,88.4251095560531,"Pave","None","Reg","Lvl","AllPub","Inside","Gtl","Edwards","Norm","Norm","1Fam","6","5",1976,1976,"Gable","CompShg","Plywood","None",0,"TA","TA","CBlock","TA","TA","Av","ALQ","Othr",11.2694276695846,21.9089023002066,"GasA","TA","Y","SBrkr",33.4215499341368,0,1,0,1,0,3,1,"TA",6,"Typ",1,"TA","Detchd",1976,25.9229627936314,"Y",12,0,0,0,0,0,"MnPrv","None",0,3,2010,"WD","Abnorml",11.580584113444
774,"20","RL",70,100.747208398049,"Pave","None","Reg","Lvl","AllPub","Inside","Gtl","NAmes","Feedr","Norm","1Fam","5","5",1958,1958,"Gable","CompShg","Wd Sdng","None",1,"TA","TA","CBlock","TA","TA","No","Rec","Unf",0,21.3541565040626,"GasA","Ex","Y","FuseA",30.199337741083,0,0,0,1,0,2,1,"TA",5,"Typ",0,"None","Attchd",1958,16.583123951777,"Y",0,0,0,0,0,0,"None","None",0,7,2007,"Othr","Normal",11.6483301019764
775,"20","RL",110,119.272796563173,"Pave","None","Reg","Lvl","AllPub","Corner","Gtl","NridgHt","Norm","Norm","1Fam","8","5",2006,2006,"Hip","CompShg","VinylSd","BrkFace",375,"Gd","TA","PConc","Gd","TA","Av","Unf","Unf",0,43.9886348958455,"GasA","Gd","Y","SBrkr",44.4184646290256,0,0,0,2,0,3,1,"Gd",9,"Typ",1,"Gd","Attchd",2006,29.9165506033032,"Y",17.7482393492988,6.70820393249937,0,0,0,0,"None","None",0,7,2007,"New","Partial",12.8866410438833
776,"120","RM",32,67.0820393249937,"Pave","None","Reg","Lvl","AllPub","Othr","Gtl","Othr","Norm","Norm","TwnhsE","6","5",1998,1998,"Hip","CompShg","VinylSd","BrkFace",320,"TA","TA","PConc","Ex","TA","No","GLQ","Unf",0,18.3847763108502,"GasA","Ex","Y","SBrkr",34.6987031457949,0,1,0,2,0,2,1,"TA",5,"Typ",0,"None","Attchd",1998,20.2977831301844,"Y",0,15.7162336455017,0,0,0,0,"None","None",0,6,2009,"WD","Normal",11.9953516142145
777,"20","RL",86,105.877287460531,"Pave","None","IRG","Lvl","AllPub","Inside","Gtl","CollgCr","Norm","Norm","1Fam","7","5",2005,2006,"Gable","CompShg","VinylSd","BrkFace",240,"Gd","TA","PConc","Gd","TA","Av","GLQ","Unf",0,39.9249295553543,"GasA","Ex","Y","SBrkr",40.1746188532013,0,0,0,2,0,3,1,"Gd",7,"Typ",0,"None","Attchd",2005,29.4108823397055,"Y",12,7.68114574786861,0,0,0,0,"None","None",0,7,2006,"New","Partial",12.3081778684673
778,"20","RL",100,115.542200082913,"Pave","None","IRG","Lvl","AllPub","Inside","Gtl","Sawyer","Norm","Norm","1Fam","5","5",1974,1974,"Hip","CompShg","HdBoard","None",0,"TA","TA","CBlock","TA","TA","No","ALQ","Unf",0,10.0995049383621,"GasA","TA","Y","SBrkr",29.8998327754521,0,1,0,1,0,3,1,"TA",5,"Typ",1,"Othr","Attchd",1974,20.976176963403,"Y",15.52417469626,0,0,0,0,0,"MnPrv","None",0,6,2006,"WD","Normal",11.8670972786908
779,"Othr","Othr",60,91.6515138991168,"Pave","None","Reg","Lvl","AllPub","Inside","Gtl","Othr","Feedr","Norm","Othr","5","5",1977,1977,"Gable","CompShg","Plywood","BrkFace",320,"TA","TA","Othr","Othr","Othr","Othr","Othr","Othr",0,0,"GasA","TA","Y","SBrkr",44.9444101084885,0,0,0,2,0,4,2,"TA",10,"Typ",2,"TA","Detchd",1977,25.0998007960223,"Y",0,0,0,0,0,0,"None","None",0,10,2007,"WD","Normal",11.8775685785581
780,"Othr","RL",78,102.615788258922,"Pave","None","Reg","Lvl","AllPub","Inside","Gtl","Othr","Norm","Norm","Othr","6","5",1977,1977,"Gable","CompShg","Plywood","BrkFace",90,"TA","TA","CBlock","Gd","TA","Gd","GLQ","Unf",0,0,"GasA","TA","Y","SBrkr",31.6859590355097,0,1,0,1,0,2,1,"TA",4,"Typ",0,"None","Attchd",1977,22.4499443206436,"Y",0,0,0,0,0,0,"None","None",0,5,2006,"WD","Normal",11.8130300574206
781,"20","RL",63,88.7411967464942,"Pave","None","Reg","Lvl","AllPub","Inside","Gtl","Gilbert","Norm","Norm","1Fam","7","5",1995,1996,"Gable","CompShg","HdBoard","BrkFace",38,"TA","TA","PConc","Gd","Othr","No","Unf","Unf",0,35.1710107901379,"GasA","Gd","Y","SBrkr",35.3977400408557,0,0,0,2,0,3,1,"TA",6,"Typ",1,"TA","Attchd",1995,20.0499376557634,"Y",14.8323969741913,4.58257569495584,0,0,0,0,"None","None",0,6,2007,"WD","Normal",12.0782392740203
782,"60","RL",65,84.5754101379355,"Pave","None","Reg","Lvl","AllPub","Inside","Gtl","Othr","Norm","Norm","1Fam","6","5",1992,1992,"Gable","CompShg","VinylSd","None",0,"Gd","Gd","PConc","Gd","TA","No","ALQ","Unf",0,19.3390796058137,"GasA","Ex","Y","SBrkr",28.4604989415154,0,0,0,2,1,3,1,"Gd",7,"Typ",0,"None","Attchd",1992,22,"Y",0,11.13552872566,0,0,0,0,"None","None",0,7,2006,"WD","Normal",12.0776709307256
783,"20","RL",67,127.612695293219,"Pave","None","IRG","Lvl","AllPub","Inside","Gtl","CollgCr","Norm","Norm","1Fam","7","5",2001,2002,"Gable","CompShg","VinylSd","None",0,"Gd","TA","PConc","Gd","TA","No","Unf","Unf",0,37.589892258425,"GasA","Ex","Y","SBrkr",37.8153408023781,0,0,0,2,0,3,1,"Gd",6,"Typ",0,"None","Attchd",2001,24.5967477524977,"Y",0,5.74456264653803,0,0,0,0,"None","None",0,6,2009,"WD","Normal",12.1393985122622
784,"Othr","RL",67.7268341542643,95.3991614218909,"Pave","None","IRG","Lvl","AllPub","Corner","Gtl","Othr","Norm","Norm","1Fam","5","6",1978,1978,"Gable","CompShg","Plywood","BrkFace",104,"TA","Gd","PConc","Gd","TA","Av","GLQ","Unf",0,0,"GasA","Ex","Y","SBrkr",33.3166624979154,0,1,0,1,0,1,1,"Gd",4,"Typ",1,"TA","Attchd",1978,24.5356882927706,"Y",17.4068951855292,5.47722557505166,0,0,0,0,"None","None",0,7,2009,"WD","Normal",12.0167264737993
785,"Othr","RM",35,79.3725393319377,"Pave","Othr","Reg","Lvl","AllPub","Inside","Gtl","OldTown","Norm","Norm","1Fam","6","6",1914,2001,"Gable","CompShg","Wd Sdng","None",0,"TA","TA","CBlock","TA","TA","No","Unf","Unf",0,27.2396769437525,"GasA","Ex","Y","SBrkr",27.2396769437525,0,0,0,2,0,3,1,"TA",9,"Typ",1,"Gd","None",1965,0,"Y",0,17.058722109232,134,0,0,0,"None","None",0,6,2008,"WD","Normal",11.7597855429018
786,"20","RL",69.5406189775883,98.9444288477123,"Pave","None","Reg","Lvl","AllPub","Inside","Gtl","Othr","Feedr","Norm","1Fam","6","5",1967,1967,"Gable","CompShg","Othr","None",0,"TA","TA","CBlock","TA","TA","No","Rec","Othr",25.0998007960223,22.1585198061603,"GasA","TA","Y","SBrkr",36.6333181680284,0,0,0,2,0,3,1,"TA",7,"Typ",1,"Gd","Attchd",1967,21.3775583264319,"Y",0,0,0,0,197,0,"None","None",0,9,2009,"WD","Normal",11.9922604216448
787,"50","RM",60,103.923048454133,"Pave","None","Reg","Lvl","AllPub","Inside","Gtl","OldTown","Othr","Norm","1Fam","5","6",1915,1950,"Gable","CompShg","MetalSd","None",0,"TA","Gd","PConc","Othr","TA","No","LwQ","Unf",0,0,"GasA","TA","Y","SBrkr",31.0805405358401,0,1,0,2,0,4,1,"TA",7,"Typ",0,"None","Detchd",1961,20.3960780543711,"Y",0,0,196,0,0,0,"None","Othr",1200,6,2010,"WD","Normal",11.8422292121128
788,"60","RL",76,100.707497238289,"Pave","None","IRG","Lvl","AllPub","Inside","Gtl","Othr","Norm","Norm","1Fam","7","5",2004,2004,"Gable","CompShg","VinylSd","None",0,"Gd","TA","PConc","Gd","TA","No","GLQ","Unf",0,17.3205080756888,"GasA","Ex","Y","SBrkr",30.9192496674806,0,1,0,2,1,4,1,"Gd",8,"Typ",0,"None","BuiltIn",2004,24.8596057893121,"Y",0,6.70820393249937,0,0,0,0,"None","None",0,1,2010,"WD","Normal",12.3587937325478
789,"20","RM",50,77.4596669241483,"Pave","None","Reg","Lvl","AllPub","Corner","Gtl","OldTown","Norm","Norm","1Fam","4","7",1954,2000,"Gable","CompShg","MetalSd","None",0,"TA","TA","CBlock","TA","TA","No","Unf","Unf",0,30.0166620396073,"GasA","Ex","Y","SBrkr",30.0166620396073,0,0,0,1,0,2,1,"TA",4,"Typ",0,"None","Detchd",1954,16.7630546142402,"Y",0,0,0,0,0,0,"None","None",0,8,2008,"WD","Normal",11.5889601512462
790,"60","RL",75.8980795702261,110.476241789807,"Pave","None","IRG","Othr","AllPub","Inside","Gtl","Othr","Norm","Norm","1Fam","6","Othr",1966,2007,"Gable","CompShg","HdBoard","BrkFace",157,"TA","TA","CBlock","TA","Othr","Gd","LwQ","Unf",0,16.2480768092719,"GasA","Gd","Y","SBrkr",31.2409987036266,0,0,0,2,1,5,1,"Gd",9,"Typ",0,"None","Attchd",1966,21.0713075057055,"Y",11.5325625946708,12.9614813968157,0,0,0,0,"None","None",0,7,2007,"WD","Normal",12.1415341243926
791,"120","RL",43,56.4092191046818,"Pave","None","Reg","Lvl","AllPub","Inside","Gtl","Othr","Norm","Norm","TwnhsE","7","5",2005,2006,"Gable","CompShg","VinylSd","BrkFace",11,"Gd","TA","PConc","Gd","TA","No","GLQ","Unf",0,33.6005952328229,"GasA","Ex","Y","SBrkr",33.8378486313773,0,0,0,2,0,2,1,"Gd",5,"Typ",1,"Gd","Attchd",2005,19.9248588451713,"Y",10,4,0,0,0,0,"None","None",0,9,2009,"WD","Normal",11.9841783136164
792,"Othr","RL",73.6025492858451,106.456563912236,"Pave","None","IRG","Lvl","AllPub","Corner","Gtl","Othr","Norm","Norm","1Fam","6","5",1976,1976,"Gable","CompShg","HdBoard","None",0,"TA","TA","PConc","Gd","TA","Av","ALQ","Unf",0,22.1359436211787,"GasA","TA","Y","SBrkr",32.5883414736007,0,1,0,1,0,3,1,"TA",5,"Typ",2,"TA","Attchd",1976,23.2163735324878,"Y",10.9544511501033,0,0,0,0,0,"None","None",0,5,2007,"WD","Normal",11.8968263951626
793,"60","RL",92,99.5991967839099,"Pave","None","IRG","Lvl","AllPub","CulDSac","Gtl","Othr","Norm","Norm","1Fam","7","5",1996,1997,"Gable","CompShg","MetalSd","None",0,"Gd","TA","PConc","Gd","TA","Av","GLQ","Unf",0,15.9687194226713,"GasA","Ex","Y","SBrkr",33.570820663189,0,1,0,2,1,3,1,"TA",8,"Typ",1,"TA","Attchd",1997,21.3307290077015,"Y",13.4164078649987,11.4017542509914,0,0,0,0,"None","None",0,6,2007,"WD","Normal",12.5053991575767
794,"20","RL",76,95.6974398821619,"Pave","None","Reg","Lvl","AllPub","Inside","Gtl","Somerst","Norm","Norm","1Fam","8","5",2007,2007,"Gable","CompShg","Othr","Stone",140,"Gd","TA","PConc","Gd","TA","Av","Unf","Unf",0,38.6781592116274,"GasA","Ex","Y","SBrkr",38.6781592116274,0,0,0,2,0,3,1,"Gd",7,"Typ",0,"None","Attchd",2007,21.7715410570772,"Y",12.9614813968157,11.4017542509914,0,0,0,0,"None","None",0,6,2007,"New","Partial",12.3238556811866
795,"60","RL",72.2836723678693,104.076894650062,"Pave","None","IRG","Lvl","AllPub","Corner","Gtl","Gilbert","Norm","Norm","1Fam","7","5",1994,1996,"Gable","CompShg","MetalSd","None",0,"Gd","TA","PConc","Gd","TA","No","Unf","Unf",0,26.6833281282527,"GasA","Ex","Y","SBrkr",32.9545141065682,0,0,0,2,1,3,1,"Gd",7,"Typ",1,"TA","Attchd",1994,20.2237484161567,"Y",11.9582607431014,6.78232998312527,0,0,0,0,"None","Othr",500,10,2008,"WD","Normal",12.1781874420406
796,"60","RL",70,91.6515138991168,"Pave","None","Reg","Lvl","AllPub","Inside","Gtl","Othr","Norm","Norm","1Fam","6","6",1980,1981,"Gable","CompShg","HdBoard","BrkFace",130,"TA","TA","CBlock","Gd","TA","No","Unf","Unf",0,25.4950975679639,"GasA","TA","Y","SBrkr",29.7993288515027,0,0,0,2,1,3,1,"TA",7,"Typ",1,"TA","Attchd",1980,21.8174242292714,"Y",0,7.07106781186548,0,0,204,0,"MnPrv","None",0,4,2010,"WD","Normal",12.0494188354848
797,"20","RL",71,90.5372851371191,"Pave","None","Reg","Lvl","AllPub","Inside","Gtl","Sawyer","Norm","Norm","1Fam","6","5",1977,1977,"Gable","CompShg","Plywood","BrkFace",148,"TA","TA","CBlock","TA","TA","No","Unf","Unf",0,25.6904651573303,"GasA","Ex","Y","SBrkr",35.8468966578698,0,0,0,1,1,3,1,"TA",7,"Typ",1,"TA","Attchd",1977,22.9782505861521,"Y",11.7473401244707,0,0,0,0,0,"MnPrv","None",0,4,2007,"WD","Normal",11.8740903141818
798,"20","RL",57,87.6184911990614,"Pave","None","Reg","Lvl","AllPub","Inside","Gtl","NAmes","Norm","Norm","1Fam","5","5",1953,1953,"Gable","CompShg","VinylSd","None",0,"TA","TA","CBlock","TA","TA","No","BLQ","Unf",0,14.247806848775,"GasA","Gd","Y","SBrkr",27.8028775489157,0,0,0,1,0,2,1,"TA",4,"Typ",0,"None","Attchd",1953,15.4919333848297,"Y",0,0,0,0,0,0,"None","None",0,4,2008,"WD","Abnorml",11.6082356447746
799,"60","RL",104,116.266934250457,"Pave","None","Reg","Lvl","AllPub","Inside","Gtl","NridgHt","Norm","Norm","1Fam","Othr","5",2008,2009,"Hip","CompShg","VinylSd","Stone",860,"Othr","TA","PConc","Ex","TA","No","Unf","Unf",0,43.8862165149834,"GasA","Ex","Y","SBrkr",44.3395985547907,0,0,0,3,1,4,1,"Ex",11,"Typ",2,"Gd","BuiltIn",2009,28.6356421265527,"Y",12,8.83176086632785,0,0,0,0,"None","None",0,7,2009,"New","Partial",13.0919041699196
800,"50","RL",60,84.8528137423857,"Pave","None","Reg","Lvl","AllPub","Corner","Gtl","Othr","Feedr","Norm","1Fam","5","7",1937,1950,"Gable","CompShg","Wd Sdng","BrkFace",252,"TA","TA","BrkTil","Gd","TA","No","ALQ","Unf",0,12.7279220613579,"GasA","Ex","Y","SBrkr",31.3209195267317,0,1,0,1,1,3,1,"Gd",7,"Typ",2,"TA","Detchd",1939,15.4919333848297,"Y",0,0,264,0,0,0,"MnPrv","None",0,6,2007,"WD","Normal",12.0725412529057
801,"60","RL",79,113.128245809789,"Pave","None","IRG","Othr","AllPub","Inside","Othr","Othr","Feedr","Norm","1Fam","6","5",1997,1997,"Gable","CompShg","VinylSd","None",0,"TA","TA","PConc","Gd","TA","Gd","GLQ","Unf",0,12.4096736459909,"GasA","Gd","Y","SBrkr",24.8193472919817,0,1,0,2,1,4,1,"Gd",8,"Typ",0,"None","Attchd",1997,24.5560583156173,"Y",20.0748598998847,10.6770782520313,185,0,0,0,"None","Othr",400,5,2008,"WD","Normal",12.2060726455302
802,"Othr","RM",40,69.2820323027551,"Pave","None","Reg","Lvl","AllPub","Inside","Gtl","Othr","Norm","Norm","1Fam","4","7",1916,1990,"Gable","CompShg","MetalSd","None",0,"TA","TA","CBlock","TA","TA","No","LwQ","Unf",0,31.6069612585582,"GasA","Ex","Y","FuseA",34.5832329315812,0,1,0,1,0,2,1,"TA",5,"Typ",0,"None","Detchd",1957,20.976176963403,"Y",0,0,0,0,0,0,"None","None",0,7,2007,"WD","Normal",11.6073261403917
803,"60","RL",63,90.5483296367194,"Pave","None","Reg","Lvl","AllPub","Inside","Gtl","CollgCr","Norm","Norm","1Fam","7","5",2005,2005,"Gable","CompShg","Othr","None",0,"Gd","TA","PConc","Gd","TA","Av","GLQ","Unf",0,8.94427190999916,"GasA","Ex","Y","SBrkr",26.9814751264641,0,1,0,2,1,3,1,"Gd",7,"Typ",1,"Gd","Attchd",2005,20.2484567313166,"Y",6,4.24264068711928,0,0,0,0,"None","None",0,10,2008,"WD","Normal",12.1495022940418
804,"60","RL",107,117.860086543325,"Pave","None","Reg","Lvl","AllPub","Inside","Gtl","NridgHt","Norm","Norm","1Fam","Othr","5",2008,2009,"Hip","CompShg","VinylSd","Stone",424,"Othr","TA","PConc","Ex","TA","Gd","Unf","Unf",0,41.641325627314,"GasA","Ex","Y","SBrkr",41.641325627314,0,0,0,3,1,4,1,"Ex",12,"Typ",1,"Gd","BuiltIn",2009,31.9374388453426,"Y",7.21110255092798,13.0384048104053,0,0,192,0,"None","None",0,1,2009,"New","Partial",13.2758275359155
805,"20","RL",75,94.8683298050514,"Pave","None","Reg","Lvl","AllPub","Inside","Gtl","NAmes","Norm","Norm","1Fam","5","5",1954,1954,"Gable","CompShg","Wd Sdng","None",0,"TA","TA","CBlock","TA","TA","No","LwQ","Unf",0,11.13552872566,"GasA","TA","Y","SBrkr",33.5857112474933,0,0,0,1,0,2,1,"TA",5,"Othr",0,"None","Attchd",1954,16.9115345252878,"Y",0,0,0,0,0,0,"Othr","None",0,6,2006,"WD","Othr",11.6784399034478
806,"20","RL",91,110.788086002061,"Pave","None","IRG","Lvl","AllPub","Othr","Gtl","Somerst","Norm","Norm","1Fam","7","5",2008,2008,"Gable","CompShg","VinylSd","Stone",256,"Gd","TA","PConc","Gd","TA","No","Unf","Unf",0,37.6430604494374,"GasA","Ex","Y","SBrkr",37.7888872553824,0,0,0,2,0,3,1,"Ex",6,"Typ",0,"None","Attchd",2008,23.5372045918796,"Y",0,7.74596669241483,0,0,0,0,"None","None",0,7,2008,"New","Partial",12.3356964133237
807,"Othr","RL",75,98.7420882906575,"Pave","None","Reg","Lvl","AllPub","Inside","Gtl","NAmes","Norm","Norm","1Fam","5","5",1967,1967,"Gable","CompShg","VinylSd","None",0,"TA","TA","PConc","TA","TA","Av","ALQ","Othr",21.9089023002066,10,"GasA","Gd","Y","SBrkr",31.3049516849971,0,0,0,2,0,3,1,"TA",6,"Typ",0,"None","Attchd",1967,19.5959179422654,"Y",8.24621125123532,0,0,0,0,0,"None","None",0,10,2006,"WD","Normal",11.8167269193019
808,"Othr","RL",144,146.232691283447,"Pave","None","Reg","Lvl","AllPub","Inside","Gtl","Othr","Norm","Norm","1Fam","5","6",1923,2004,"Gable","CompShg","Wd Sdng","None",0,"TA","TA","CBlock","TA","TA","Gd","GLQ","Unf",0,3.87298334620742,"GasA","Ex","Y","SBrkr",32.7414110874898,0,2,0,1,1,3,1,"Gd",6,"Typ",1,"TA","Attchd",1923,22.9782505861521,"Y",0,17.6635217326557,0,0,0,0,"None","None",0,5,2009,"WD","Normal",12.3171666930358
809,"Othr","RL",85,115.758369027902,"Pave","None","Reg","Lvl","AllPub","Inside","Gtl","NAmes","Norm","Norm","1Fam","5","5",1966,1966,"Gable","CompShg","VinylSd","BrkFace",1047,"TA","TA","CBlock","TA","TA","Av","ALQ","Othr",11.3137084989848,19.4935886896179,"GasA","TA","Y","SBrkr",32.9545141065682,0,1,0,1,0,3,1,"TA",6,"Typ",1,"Gd","Attchd",1966,22,"Y",0,0,0,0,0,0,"Othr","None",0,6,2006,"WD","Normal",11.9826165453777
810,"Othr","RM",90,90,"Pave","None","Reg","Lvl","AllPub","Corner","Gtl","OldTown","Norm","Norm","1Fam","5","5",1898,1965,"Hip","CompShg","Othr","None",0,"TA","TA","PConc","TA","TA","No","Unf","Unf",0,29.1376045686669,"GasA","TA","N","FuseA",32.78719262151,0,0,0,2,0,2,3,"TA",11,"Typ",0,"None","Detchd",1910,18.9736659610103,"N",6.32455532033676,12.4899959967968,0,0,0,0,"MnPrv","None",0,11,2009,"WD","Normal",11.5711943730942
811,"20","RL",78,100.697567001393,"Pave","None","Reg","Lvl","AllPub","Inside","Gtl","Othr","Norm","Norm","1Fam","6","6",1974,1999,"Hip","CompShg","HdBoard","BrkFace",99,"TA","TA","CBlock","TA","TA","No","ALQ","Othr",19.4164878389476,0,"GasA","Othr","Y","SBrkr",36.1801050302511,0,1,0,1,1,3,1,"Gd",5,"Typ",1,"Othr","Attchd",1974,22,"Y",16.2788205960997,0,0,0,0,25.4558441227157,"Othr","None",0,1,2006,"WD","Normal",12.106252310248
812,"120","RM",55.451538608314,66.6183157997859,"Pave","None","Reg","Lvl","AllPub","Inside","Gtl","CollgCr","Norm","Norm","TwnhsE","6","5",2004,2004,"Gable","CompShg","VinylSd","BrkFace",169,"Gd","TA","PConc","Gd","TA","Gd","GLQ","Unf",0,13.6381816969859,"GasA","Ex","Y","SBrkr",29.1204395571221,0,1,0,1,0,1,1,"Gd",4,"Typ",1,"Gd","Attchd",2004,20.4939015319192,"Y",11.8321595661992,0,0,0,0,0,"None","None",0,6,2008,"Othr","Normal",11.8810347865346
813,"20","Othr",66,93.3380951166243,"Othr","None","Reg","Othr","AllPub","Inside","Othr","Othr","Norm","Norm","1Fam","5","5",1952,1952,"Hip","CompShg","Wd Sdng","None",0,"Othr","TA","CBlock","TA","TA","Av","Unf","Unf",0,23.2379000772445,"GasA","TA","N","FuseA",32.310988842807,0,0,0,1,0,2,1,"Othr",4,"Typ",0,"None","Othr",1952,22.4499443206436,"N",0,0,0,0,0,0,"None","Othr",54,6,2010,"WD","Othr",10.9329819619041
814,"20","RL",75,98.7420882906575,"Pave","None","Reg","Lvl","AllPub","Inside","Gtl","NAmes","Norm","Norm","1Fam","6","6",1958,1958,"Gable","CompShg","MetalSd","BrkFace",243,"TA","TA","CBlock","TA","TA","No","Rec","Unf",0,28.8790581563873,"GasA","Gd","Y","SBrkr",37.973675092095,0,0,0,1,1,4,1,"TA",7,"Typ",0,"None","Attchd",1958,17.3493515728975,"Y",0,0,275,0,0,0,"None","Othr",500,4,2007,"Othr","Normal",11.9697172002437
815,"50","RL",45,90.8185003179418,"Pave","Othr","Reg","Lvl","AllPub","Inside","Gtl","Edwards","Norm","Norm","1Fam","5","7",1918,1950,"Gable","CompShg","Othr","None",0,"TA","TA","BrkTil","TA","TA","No","Unf","Unf",0,26.1916017074176,"Othr","Gd","Y","SBrkr",26.1916017074176,0,0,1,1,1,3,1,"Othr",7,"Typ",0,"None","Detchd",1955,16.7332005306815,"Othr",14.3874945699382,0,96,0,0,0,"None","None",0,7,2006,"WD","Normal",11.6613454700885
816,"20","RL",48,110.168053445634,"Pave","None","IRG","Lvl","AllPub","CulDSac","Gtl","CollgCr","Norm","Norm","1Fam","7","5",1998,1998,"Gable","CompShg","VinylSd","BrkFace",442,"TA","TA","PConc","Gd","TA","No","Unf","Unf",0,40.6078810084939,"GasA","Ex","Y","SBrkr",40.7553677446297,0,0,0,2,0,3,1,"Gd",6,"Typ",0,"None","Attchd",1998,24.454038521275,"Y",0,5.8309518948453,0,0,0,0,"None","None",0,5,2010,"WD","Normal",12.3234111379474
817,"20","RL",73.8447382608027,106.88779163216,"Pave","None","IRG","Lvl","AllPub","Corner","Gtl","NAmes","Norm","Norm","1Fam","5","6",1954,1954,"Gable","CompShg","Othr","None",0,"TA","TA","CBlock","TA","TA","No","BLQ","Unf",0,22.8473193175917,"GasA","Gd","Y","SBrkr",31.7490157327751,0,0,0,1,0,2,1,"TA",4,"Typ",1,"Gd","Attchd",1954,16.583123951777,"Y",0,0,120,0,0,0,"None","None",0,7,2006,"WD","Normal",11.8277362048103
818,"20","RL",78.6885177599553,115.173781738727,"Pave","None","IRG","Lvl","AllPub","CulDSac","Gtl","Othr","Norm","Norm","1Fam","8","5",2002,2002,"Hip","CompShg","Othr","BrkFace",148,"Gd","TA","PConc","Gd","TA","No","GLQ","Unf",0,18.7082869338697,"GasA","Ex","Y","SBrkr",41.097445176069,0,1,0,2,0,3,1,"Gd",7,"Typ",2,"Gd","Attchd",2002,29.2745623366089,"Y",12.2474487139159,7.68114574786861,0,0,0,0,"None","None",0,7,2008,"WD","Normal",12.5098740998618
819,"Othr","RL",80,93.893556754444,"Pave","None","Reg","Lvl","AllPub","Inside","Gtl","Othr","Norm","Norm","1Fam","6","7",1971,1971,"Gable","CompShg","HdBoard","BrkFace",80,"TA","TA","CBlock","TA","TA","Av","GLQ","Unf",0,22.494443758404,"GasA","Gd","Y","SBrkr",32.4345494804537,0,1,0,1,0,3,1,"TA",6,"Typ",0,"None","Attchd",1971,20.976176963403,"Y",0,0,0,0,0,0,"MnPrv","None",0,6,2010,"WD","Normal",11.9511803959014
820,"120","RL",44,79.8185442112295,"Pave","None","IRG","Lvl","AllPub","Inside","Gtl","NridgHt","Norm","Norm","TwnhsE","7","5",2009,2010,"Gable","CompShg","VinylSd","Stone",128,"Gd","TA","PConc","Gd","TA","Mn","GLQ","Unf",0,25,"GasA","Ex","Y","SBrkr",36.8510515453766,0,1,0,2,0,2,1,"Gd",6,"Typ",1,"Gd","Attchd",2010,22,"Y",13.856406460551,5.91607978309962,0,0,0,0,"None","None",0,6,2010,"New","Partial",12.3194013308372
821,"60","RL",72,85.0058821494136,"Pave","None","IRG","Lvl","AllPub","CulDSac","Gtl","CollgCr","Norm","Norm","1Fam","7","5",2003,2003,"Gable","CompShg","VinylSd","None",0,"Gd","TA","PConc","Gd","TA","No","Unf","Unf",0,28.2488937836511,"GasA","Ex","Y","SBrkr",28.2488937836511,0,0,0,2,1,3,1,"Gd",6,"Typ",0,"None","Attchd",2003,24.3926218353009,"Y",0,6.70820393249937,0,0,0,0,"None","None",0,6,2008,"WD","Normal",12.1172414318236
822,"20","RM",60,77.4596669241483,"Pave","Othr","Reg","Othr","AllPub","Inside","Othr","OldTown","Norm","Norm","Othr","4","Othr",1953,1953,"Gable","CompShg","MetalSd","None",0,"Othr","TA","CBlock","Othr","TA","No","Unf","Unf",0,30.5941170815567,"GasA","TA","N","SBrkr",30.5941170815567,0,0,0,1,0,2,1,"TA",4,"Othr",0,"None","Detchd",1974,24,"Y",0,5.65685424949238,112,0,0,0,"None","None",0,2,2009,"WD","Normal",11.4403547721354
823,"60","RL",76.3956199644325,111.328343201541,"Pave","None","IRG","Lvl","AllPub","Corner","Gtl","Gilbert","Norm","Norm","1Fam","7","5",2003,2003,"Gable","CompShg","VinylSd","None",0,"Gd","TA","PConc","Gd","TA","Gd","Unf","Unf",0,29.1032644217105,"GasA","Ex","Y","SBrkr",29.1032644217105,0,0,0,2,1,3,1,"Gd",7,"Typ",1,"Gd","BuiltIn",2003,20.8086520466848,"Y",10,6.92820323027551,0,0,0,0,"None","None",0,10,2007,"WD","Othr",12.3238556811866
824,"50","RL",60,99.498743710662,"Pave","None","Reg","Lvl","AllPub","Inside","Gtl","Othr","Norm","Norm","1Fam","6","7",1940,1950,"Gable","CompShg","VinylSd","None",0,"TA","TA","BrkTil","TA","TA","No","Unf","Unf",0,27.8926513619627,"GasA","TA","Y","SBrkr",30.7245829914744,0,0,0,2,0,3,1,"TA",7,"Typ",1,"Gd","Detchd",1940,15.4919333848297,"Y",18.3030052177231,0,0,0,0,0,"Othr","None",0,7,2009,"WD","Normal",11.8458198802436
825,"20","Othr",81,105.90561835899,"Pave","None","Reg","Lvl","AllPub","Inside","Gtl","Somerst","Norm","Norm","1Fam","8","5",2006,2006,"Gable","CompShg","VinylSd","None",0,"Gd","TA","PConc","Gd","Othr","No","Unf","Unf",0,38.5875627631495,"GasA","Ex","Y","SBrkr",38.5875627631495,0,0,0,2,0,3,1,"Gd",7,"Typ",1,"Gd","Attchd",2006,27.8567765543682,"Y",0,11.8321595661992,0,0,0,0,"None","None",0,6,2006,"New","Partial",12.3570755190667
826,"20","RL",114,121.667579905248,"Pave","None","Reg","Lvl","AllPub","Inside","Gtl","NridgHt","Othr","Othr","1Fam","Othr","5",2007,2008,"Hip","CompShg","Othr","BrkFace",816,"Othr","TA","PConc","Ex","TA","Av","GLQ","Unf",0,21.0237960416286,"GasA","Ex","Y","SBrkr",45.6508488420533,0,1,0,2,0,2,1,"Ex",7,"Typ",1,"Gd","Attchd",2007,34.928498393146,"Y",13.7113092008021,6.70820393249937,0,0,0,0,"None","None",0,6,2008,"New","Partial",12.8609986132699
827,"Othr","RM",50,78.2943165242535,"Pave","None","Reg","Lvl","AllPub","Inside","Gtl","Othr","Norm","Norm","1Fam","5","6",1924,1950,"Gable","CompShg","MetalSd","None",0,"TA","TA","BrkTil","TA","TA","No","ALQ","Unf",0,0,"GasA","Gd","Y","SBrkr",28,0,1,0,1,0,2,1,"Gd",5,"Typ",0,"None","None",1960,0,"Y",0,0,116,0,0,0,"None","None",0,5,2008,"WD","Normal",11.6036798282387
828,"20","RL",65,92.3525852372309,"Pave","None","IRG","Lvl","AllPub","Inside","Gtl","Othr","Norm","Norm","1Fam","7","5",2001,2001,"Gable","CompShg","VinylSd","None",0,"Gd","TA","PConc","Gd","TA","No","GLQ","Unf",0,37.868192457523,"GasA","Ex","Y","SBrkr",37.868192457523,0,0,0,2,0,3,1,"Gd",6,"Typ",1,"TA","Attchd",2001,22.956480566498,"Y",17.0293863659264,6.2449979983984,0,0,0,0,"None","None",0,4,2009,"WD","Normal",12.1495022940418
829,"60","RL",119.315718309098,169.404840544773,"Pave","None","IRG","Othr","AllPub","CulDSac","Othr","Othr","Norm","Norm","1Fam","5","5",1967,1967,"Othr","Othr","Plywood","None",0,"TA","TA","PConc","TA","Othr","Gd","LwQ","Othr",27.6405499221705,0,"GasA","TA","Y","SBrkr",34.0587727318528,0,0,1,2,1,3,1,"TA",7,"Othr",0,"None","Attchd",1967,23.1948270094864,"Y",22.0454076850486,0,0,0,225,0,"None","None",0,6,2009,"WD","Abnorml",12.1281111040605
830,"Othr","Othr",24,50.438080851674,"Pave","Othr","Reg","Lvl","AllPub","Inside","Gtl","Somerst","Norm","Norm","Othr","7","5",2005,2005,"Gable","CompShg","MetalSd","None",0,"Gd","TA","PConc","Gd","TA","No","Unf","Unf",0,24.4948974278318,"GasA","Ex","Y","SBrkr",22.8035085019828,80,0,0,2,1,2,1,"Gd",4,"Typ",0,"None","Detchd",2005,21.9089023002066,"Y",0,12.8840987267251,0,0,0,0,"None","None",0,7,2006,"WD","Normal",11.9009052587374
831,"20","RL",80,109.087121146357,"Pave","None","IRG","Lvl","AllPub","Corner","Gtl","NAmes","Norm","Norm","1Fam","6","5",1957,1957,"Gable","CompShg","HdBoard","BrkFace",387,"TA","TA","CBlock","TA","TA","No","Rec","Unf",0,18.7616630392937,"GasA","TA","Y","FuseA",37.3095162123553,0,1,0,1,1,3,1,"TA",6,"Typ",2,"Gd","Attchd",1957,21.4009345590327,"Y",0,0,0,0,192,0,"None","None",0,6,2008,"WD","Normal",12.0197430673387
832,"Othr","Othr",30,56.3914887194867,"Pave","Othr","Reg","Lvl","AllPub","Inside","Gtl","Somerst","Norm","Norm","TwnhsE","7","5",2005,2005,"Gable","CompShg","MetalSd","None",0,"TA","TA","PConc","Gd","TA","No","Unf","Unf",0,24.4948974278318,"GasA","Ex","Y","SBrkr",22.8035085019828,80,0,0,2,1,2,1,"Gd",4,"Typ",0,"None","Detchd",2005,21.9089023002066,"Y",0,12.8840987267251,0,0,0,0,"None","None",0,6,2006,"WD","Normal",11.9250351157971
833,"60","RL",44,97.7138680024489,"Pave","None","IRG","Lvl","AllPub","CulDSac","Gtl","CollgCr","Norm","Norm","1Fam","7","6",2003,2003,"Gable","CompShg","VinylSd","BrkFace",223,"Gd","TA","PConc","Gd","TA","No","GLQ","Unf",0,21.4009345590327,"GasA","Ex","Y","SBrkr",30.6757233003559,0,1,0,2,1,3,1,"Gd",7,"Typ",1,"TA","Attchd",2003,24.7588368062799,"Y",13.856406460551,6.2449979983984,0,0,0,0,"None","None",0,1,2010,"WD","Normal",12.3758154201173
834,"20","RL",100,100.0199980004,"Pave","None","Reg","Lvl","AllPub","Inside","Gtl","NAmes","Norm","Norm","1Fam","6","6",1964,1964,"Gable","CompShg","HdBoard","BrkFace",180,"TA","TA","CBlock","TA","TA","No","Rec","Othr",18.5741756210067,31.224989991992,"GasA","TA","Y","SBrkr",38.9358446678636,0,0,0,1,1,3,1,"TA",6,"Typ",0,"None","Attchd",1964,21.7255609824004,"Y",0,0,0,0,152,0,"None","None",0,2,2009,"WD","Normal",12.0257490913989
835,"20","RL",75,88.7411967464942,"Pave","None","Reg","Lvl","AllPub","Inside","Gtl","NAmes","Norm","Norm","1Fam","5","6",1961,1961,"Gable","CompShg","VinylSd","BrkFace",136,"TA","TA","CBlock","TA","TA","No","Rec","Unf",0,23.9165214862028,"GasA","Gd","Y","SBrkr",33.8230690505755,0,1,0,1,0,3,1,"TA",6,"Typ",0,"None","Attchd",1961,21.3541565040626,"Y",0,0,0,0,0,0,"Othr","None",0,9,2008,"WD","Normal",11.8490404949436
836,"20","RL",60,97.9795897113271,"Pave","None","Reg","Lvl","AllPub","Inside","Gtl","Sawyer","Norm","Norm","1Fam","4","7",1950,1995,"Gable","CompShg","VinylSd","None",0,"TA","TA","CBlock","Gd","TA","No","BLQ","Unf",0,25,"GasA","TA","Y","SBrkr",32.6649659421222,0,0,0,2,0,2,1,"Gd",4,"Othr",0,"None","Attchd",1996,20.8806130178211,"Y",17.0293863659264,0,0,0,0,0,"None","None",0,2,2010,"WD","Normal",11.7597855429018
837,"Othr","RM",90,90,"Pave","Othr","Reg","Lvl","AllPub","Inside","Gtl","OldTown","Norm","Norm","1Fam","5","6",1948,1973,"Gable","CompShg","VinylSd","None",0,"TA","TA","BrkTil","TA","TA","No","Rec","Unf",0,34.9428104193123,"GasA","Gd","Y","SBrkr",39.4841740447993,0,1,0,1,0,2,1,"TA",5,"Othr",0,"None","Detchd",1948,28.49561369755,"Y",0,10.770329614269,230,0,0,0,"Othr","None",0,6,2007,"Othr","Normal",11.9414558460094
838,"Othr","RM",21,40.9878030638384,"Pave","None","Reg","Lvl","AllPub","Inside","Gtl","Othr","Norm","Norm","Othr","6","5",1973,1973,"Gable","CompShg","HdBoard","BrkFace",158,"TA","TA","CBlock","TA","TA","No","BLQ","Unf",0,12.369316876853,"GasA","TA","Y","SBrkr",21.9772609758359,0,1,0,1,1,2,1,"TA",5,"Typ",0,"None","Detchd",1973,16.2480768092719,"Y",0,0,0,0,0,0,"None","None",0,11,2008,"WD","Normal",11.5129254649702
839,"20","RL",75,97.5961064797157,"Pave","None","Reg","Lvl","AllPub","Inside","Gtl","CollgCr","Norm","Norm","1Fam","5","6",1995,2006,"Gable","CompShg","VinylSd","None",0,"TA","TA","PConc","Gd","TA","No","Unf","Unf",0,33.1511689085016,"GasA","Ex","Y","SBrkr",33.1511689085016,0,0,0,1,1,3,1,"Gd",6,"Typ",0,"None","Attchd",1999,18.7616630392937,"Y",16.6733320005331,0,0,0,0,0,"None","None",0,6,2008,"WD","Normal",11.8775685785581
840,"50","RL",70,108.475803753648,"Pave","None","Reg","Lvl","AllPub","Inside","Gtl","Edwards","Norm","Norm","1Fam","5","6",1946,1995,"Gable","CompShg","MetalSd","None",0,"TA","TA","CBlock","TA","TA","No","BLQ","Unf",0,20.3960780543711,"GasA","Ex","Y","SBrkr",27.712812921102,0,0,0,1,0,3,1,"TA",6,"Typ",0,"None","Detchd",1946,15.4919333848297,"Y",0,0,0,0,0,0,"None","None",0,5,2008,"WD","Normal",11.7791285057449
841,"Othr","Othr",75.7664551273143,110.249716552924,"Pave","None","IRG","Lvl","AllPub","Inside","Gtl","Othr","Norm","Norm","1Fam","6","Othr",1925,1950,"Gable","CompShg","Wd Sdng","None",0,"TA","TA","BrkTil","TA","TA","No","BLQ","Unf",0,22.7156333832011,"GasA","TA","N","SBrkr",28.4604989415154,0,0,0,2,0,4,1,"Othr",7,"Typ",0,"None","Detchd",1934,20,"Othr",0,0,254,0,0,0,"None","None",0,3,2008,"WD","Normal",11.8493977015914
842,"Othr","RM",60,102.176318195558,"Pave","Othr","Reg","Lvl","AllPub","Inside","Gtl","OldTown","Norm","Norm","1Fam","5","Othr",1904,2002,"Gable","CompShg","MetalSd","None",0,"TA","TA","PConc","TA","TA","No","Unf","Unf",0,25.4950975679639,"GasA","Gd","Y","SBrkr",30.9515750810843,0,0,0,2,0,3,1,"Gd",8,"Typ",1,"Othr","Detchd",1983,26.1916017074176,"Othr",8.36660026534076,8.83176086632785,68,0,0,0,"None","None",0,6,2008,"WD","Normal",11.9671807372478
843,"Othr","RL",82,94.9736805646701,"Pave","None","Reg","Lvl","AllPub","Inside","Gtl","NAmes","Norm","Norm","1Fam","6","7",1966,1966,"Gable","CompShg","HdBoard","BrkFace",183,"TA","TA","CBlock","TA","TA","Gd","Rec","Othr",23.2163735324878,16.6132477258361,"GasA","TA","Y","SBrkr",34.132096331752,0,1,0,1,1,3,1,"TA",6,"Typ",0,"None","Attchd",1966,22.1359436211787,"Y",0,11.3578166916005,0,0,0,0,"Othr","None",0,5,2008,"WD","Normal",12.0719696610067
844,"Othr","RL",80,89.4427190999916,"Pave","None","Reg","Lvl","AllPub","Corner","Gtl","NAmes","Othr","Norm","Othr","5","Othr",1961,1961,"Gable","CompShg","Othr","None",0,"TA","TA","CBlock","TA","TA","No","Unf","Unf",0,42.4264068711929,"GasA","Ex","N","SBrkr",42.4264068711929,0,0,0,2,0,6,2,"TA",10,"Typ",0,"None","None",1958,0,"Y",0,0,0,0,0,0,"None","None",0,7,2007,"WD","Normal",11.8565151693603
845,"50","RM",100,112.538882169675,"Pave","Othr","IRG","Lvl","AllPub","Inside","Gtl","OldTown","Othr","Norm","1Fam","5","Othr",1915,1950,"Gable","CompShg","Wd Sdng","None",0,"TA","TA","BrkTil","TA","TA","Mn","Unf","Unf",0,29.5972971738975,"GasA","Gd","Y","SBrkr",29.5972971738975,0,0,0,1,1,4,1,"TA",7,"Typ",1,"Gd","Detchd",1949,26.8328157299975,"Y",20.4450483002609,0,194,0,0,0,"None","None",0,6,2008,"WD","Normal",11.944058319827
846,"Othr","RL",87.5915950785064,129.02325371808,"Pave","None","IRG","Lvl","AllPub","CulDSac","Gtl","Sawyer","Othr","Norm","1Fam","5","5",1975,1981,"Gable","CompShg","HdBoard","None",0,"TA","TA","CBlock","Gd","TA","Gd","ALQ","Unf",0,0,"GasA","TA","Y","SBrkr",41.2431812546026,0,1,0,2,0,3,1,"TA",6,"Othr",2,"TA","Othr",1975,24.7184141886165,"Y",0,0,0,0,0,0,"None","None",0,1,2007,"WD","Normal",12.0494188354848
847,"60","RL",75,96.5246082613133,"Pave","None","Reg","Lvl","AllPub","Inside","Gtl","Othr","Norm","Norm","1Fam","7","5",1993,1993,"Gable","CompShg","HdBoard","BrkFace",137,"Gd","TA","PConc","Gd","TA","No","ALQ","Unf",0,15.0665191733194,"GasA","Ex","Y","SBrkr",31.7175030543074,0,1,0,2,1,3,1,"Gd",7,"Typ",1,"TA","Attchd",1993,20.6155281280883,"Y",15.2970585407784,8.48528137423857,192,0,0,0,"None","None",0,7,2009,"WD","Normal",12.2690474446916
848,"20","RL",36,124.591331961738,"Pave","None","IRG","Lvl","AllPub","CulDSac","Gtl","CollgCr","Norm","Norm","1Fam","5","6",1972,1972,"Gable","CompShg","HdBoard","None",0,"TA","TA","CBlock","TA","TA","Av","BLQ","Unf",0,20.0997512422418,"GasA","Ex","Y","SBrkr",29.3938769133981,0,1,0,1,0,3,1,"TA",5,"Typ",1,"Othr","Attchd",1972,18.3847763108502,"Y",0,0,0,0,0,0,"None","None",0,8,2009,"WD","Normal",11.8018567568224
849,"50","RL",75,213.541565040626,"Pave","None","IRG","Othr","AllPub","Inside","Gtl","Othr","Norm","Norm","1Fam","6","Othr",1908,1997,"Gable","CompShg","Wd Sdng","None",0,"TA","TA","BrkTil","TA","TA","No","Unf","Unf",0,30.1164406927512,"GasA","TA","Y","SBrkr",36.1524549650504,0,0,0,3,0,5,1,"TA",10,"Typ",1,"Gd","Detchd",1908,18.9736659610103,"Y",22.0454076850486,6.32455532033676,0,0,175,0,"None","None",0,9,2008,"WD","Normal",12.3883942023241
850,"Othr","RL",80,97.9795897113271,"Pave","None","Reg","Lvl","AllPub","Othr","Gtl","Othr","Feedr","Norm","1Fam","6","7",1976,1994,"Hip","CompShg","Plywood","BrkFace",360,"Gd","Gd","CBlock","TA","TA","No","Unf","Unf",0,22.9782505861521,"GasA","Ex","Y","SBrkr",33.0756708170825,0,0,0,2,1,3,1,"TA",7,"Typ",1,"TA","Attchd",1976,22.6274169979695,"Y",10.6301458127346,10,0,0,0,0,"None","None",0,8,2007,"WD","Normal",12.1388638958367
851,"120","RM",36,66.5957956630897,"Pave","None","Reg","Lvl","AllPub","Inside","Gtl","CollgCr","Norm","Norm","TwnhsE","6","5",2003,2003,"Gable","CompShg","VinylSd","BrkFace",170,"Gd","TA","PConc","Gd","TA","Av","GLQ","Unf",0,13.7477270848675,"GasA","Ex","Y","SBrkr",29.1204395571221,0,1,0,1,0,1,1,"Gd",3,"Typ",0,"None","Attchd",2003,20.4939015319192,"Y",11.8321595661992,0,0,0,0,0,"None","None",0,11,2007,"WD","Normal",11.7867621306
852,"120","RL",52.181987446386,56.5331761004103,"Pave","None","Reg","Lvl","AllPub","Inside","Gtl","Othr","Norm","Norm","TwnhsE","8","5",2003,2003,"Gable","CompShg","VinylSd","BrkFace",40,"Gd","TA","PConc","Gd","TA","Gd","Unf","Unf",0,35.6791255498225,"GasA","Ex","Y","SBrkr",38.1575680566778,0,0,0,2,0,2,1,"Gd",7,"Typ",1,"TA","Attchd",2003,20,"Y",11.9582607431014,4.47213595499958,0,0,0,0,"None","None",0,5,2006,"WD","Normal",12.2783933071098
853,"Othr","RL",53,84.4274836768217,"Pave","None","Reg","Lvl","AllPub","Inside","Gtl","Othr","Norm","Norm","1Fam","7","5",1941,1950,"Gable","CompShg","MetalSd","None",0,"TA","Gd","CBlock","TA","TA","No","Rec","Unf",0,23.5372045918796,"GasA","Gd","Y","SBrkr",30.2985148150862,0,0,0,2,0,4,1,"TA",7,"Typ",2,"Gd","Detchd",1941,15.4919333848297,"Y",0,0,0,0,126,0,"MnPrv","None",0,8,2007,"WD","Normal",12.0076217068063
854,"Othr","RL",75.6085057958202,109.977270378929,"Pave","None","IRG","Lvl","AllPub","Corner","Gtl","NAmes","Norm","Norm","1Fam","6","6",1964,1964,"Gable","CompShg","MetalSd","BrkFace",115,"TA","Gd","CBlock","TA","TA","Gd","Rec","Unf",0,23.7276210354093,"GasA","TA","Y","SBrkr",38.0131556174964,0,0,0,1,1,3,1,"TA",7,"Typ",1,"Othr","Attchd",1964,25.3968501984006,"Y",13.4164078649987,0,0,0,0,0,"MnPrv","None",0,8,2009,"WD","Normal",11.9703503120091
855,"20","RL",102,133.865604245452,"Pave","None","Reg","Lvl","AllPub","Inside","Gtl","Sawyer","Norm","Norm","1Fam","5","Othr",1955,1974,"Hip","CompShg","Wd Sdng","None",0,"TA","TA","CBlock","TA","TA","Mn","ALQ","Othr",32.9393381840012,19.2873015219859,"GasA","TA","Y","SBrkr",42.1781934179263,0,1,0,1,1,3,1,"TA",6,"Typ",1,"Gd","Attchd",1955,21.3072757526625,"Y",0,20.4450483002609,0,0,312,0,"None","None",0,7,2006,"WD","Abnorml",12.0435537160324
856,"20","RL",61.9248287107141,83.0481787879782,"Pave","None","IRG","Lvl","AllPub","Corner","Gtl","Sawyer","Norm","Norm","1Fam","5","Othr",1962,2010,"Gable","CompShg","HdBoard","None",0,"TA","Gd","CBlock","TA","TA","No","ALQ","Unf",0,19.5192212959431,"GasA","Ex","Y","SBrkr",32.2490309931942,0,1,0,1,1,3,1,"TA",6,"Typ",0,"None","Detchd",1962,16.1245154965971,"Y",0,10.1980390271856,0,0,0,0,"None","None",0,4,2010,"WD","Normal",11.7519423654407
857,"Othr","RL",72.6469558303057,104.737767782209,"Pave","None","IRG","Othr","AllPub","Inside","Othr","CollgCr","Norm","Norm","1Fam","6","6",1978,1978,"Gable","CompShg","Plywood","None",0,"TA","TA","CBlock","Gd","Othr","Gd","GLQ","Othr",20.8566536146142,0,"GasA","TA","Y","SBrkr",32.0312347560939,0,1,0,1,0,3,1,"TA",5,"Typ",0,"None","Detchd",1981,24,"Y",0,0,34,0,0,0,"MnPrv","None",0,10,2008,"WD","Normal",11.8981878657609
858,"60","RL",65,90.1387818865997,"Pave","None","Reg","Lvl","AllPub","Inside","Gtl","Gilbert","Norm","Norm","1Fam","6","5",1994,1995,"Gable","CompShg","HdBoard","None",0,"TA","TA","PConc","Gd","TA","No","Unf","Unf",0,26.4952825989835,"GasA","Gd","Y","SBrkr",26.4952825989835,0,0,0,2,1,3,1,"TA",6,"Typ",1,"TA","Attchd",1994,18.5202591774521,"Y",0,6,0,0,0,0,"None","None",0,3,2009,"WD","Normal",12.0668105781967
859,"20","RL",80,101.980390271856,"Pave","None","Reg","Lvl","AllPub","Inside","Gtl","Othr","Norm","Norm","1Fam","7","5",1976,1976,"Gable","CompShg","HdBoard","BrkFace",189,"TA","TA","CBlock","Gd","TA","No","Unf","Unf",0,33.0151480384384,"GasA","TA","Y","SBrkr",37.0135110466435,0,0,0,2,0,3,1,"TA",6,"Typ",1,"TA","Attchd",1976,21.8860686282393,"Y",0,0,0,0,0,0,"MnPrv","None",0,6,2009,"WD","Othr",11.9316357998284
860,"60","RL",72.8022726729416,105.019045891686,"Pave","None","IRG","Lvl","AllPub","Corner","Gtl","Othr","Othr","Norm","1Fam","6","7",1968,1984,"Gable","CompShg","HdBoard","BrkFace",220,"TA","TA","CBlock","TA","TA","Mn","BLQ","Unf",0,20.8566536146142,"GasA","TA","Y","SBrkr",38.8844441904472,0,1,0,2,1,4,1,"Gd",9,"Typ",1,"Gd","Attchd",1968,24.8797106092495,"Y",0,8.06225774829855,0,0,222,0,"None","None",0,8,2006,"WD","Normal",12.4292161968444
861,"50","RL",55,87.4185335040574,"Pave","None","Reg","Lvl","AllPub","Corner","Gtl","Othr","Norm","Norm","1Fam","7","Othr",1918,1998,"Gable","CompShg","Wd Sdng","None",0,"Gd","TA","BrkTil","TA","TA","No","Unf","Unf",0,30.199337741083,"GasA","Gd","Y","SBrkr",30.199337741083,0,0,0,1,1,3,1,"Gd",7,"Typ",1,"Gd","Detchd",1925,14.6969384566991,"Y",0,15.4919333848297,0,0,0,0,"Othr","None",0,6,2007,"WD","Normal",12.1545161586158
862,"Othr","RL",75,107.819293264239,"Pave","None","Reg","Lvl","AllPub","Inside","Gtl","Sawyer","Norm","Norm","Othr","5","Othr",1965,1965,"Hip","CompShg","Plywood","None",0,"TA","TA","PConc","TA","TA","Mn","BLQ","Unf",0,14.0712472794703,"GasA","Ex","Y","SBrkr",32.2335229225724,0,1,0,1,1,3,1,"TA",6,"Typ",0,"None","Attchd",1965,22.4499443206436,"Y",0,0,0,0,0,0,"None","None",0,4,2010,"WD","Normal",11.7867621306
863,"20","RL",81,98.346326825154,"Pave","None","Reg","Lvl","AllPub","Corner","Gtl","Othr","Norm","Norm","1Fam","6","5",1984,1985,"Hip","CompShg","HdBoard","None",0,"TA","TA","PConc","Gd","TA","No","GLQ","Unf",0,26.4952825989835,"GasA","TA","Y","SBrkr",33.1209903233584,0,0,0,2,0,3,1,"TA",6,"Typ",0,"None","Attchd",1986,21.9089023002066,"Y",0,0,0,0,0,0,"Othr","None",0,5,2010,"WD","Normal",11.9316357998284
864,"20","RL",70,89.0561620551885,"Pave","None","Reg","Lvl","AllPub","Inside","Gtl","NAmes","Norm","Norm","1Fam","5","5",1959,1959,"Hip","CompShg","Othr","None",0,"TA","TA","CBlock","TA","TA","No","BLQ","Unf",0,0,"GasA","TA","Y","SBrkr",33.8821486921948,0,1,0,1,0,3,1,"TA",6,"Typ",0,"None","Attchd",1959,25.9229627936314,"Y",0,0,0,0,0,0,"Othr","None",0,7,2009,"WD","Normal",11.7943379244084
865,"20","Othr",72,92.951600308978,"Pave","None","Reg","Lvl","AllPub","Inside","Gtl","Somerst","Norm","Norm","1Fam","7","5",2007,2008,"Gable","CompShg","VinylSd","None",0,"Gd","TA","PConc","Ex","TA","No","Unf","Unf",0,37.0405183549043,"GasA","Ex","Y","SBrkr",37.0405183549043,0,0,0,2,0,3,1,"Gd",6,"Typ",0,"None","Attchd",2008,23,"Y",0,11.8321595661992,0,0,0,0,"None","None",0,5,2008,"New","Partial",12.4315335097995
866,"20","RL",66.8028305650238,93.5414346693485,"Pave","None","IRG","Lvl","AllPub","Inside","Gtl","NAmes","Norm","Norm","1Fam","5","6",1970,1970,"Gable","CompShg","MetalSd","BrkFace",76,"TA","TA","CBlock","TA","TA","No","BLQ","Unf",0,13.1909059582729,"GasA","TA","Y","SBrkr",31.6543835826888,0,1,0,1,0,3,1,"TA",5,"Typ",0,"None","Detchd",1973,30.0333148353624,"Y",0,0,0,0,0,0,"MnPrv","None",0,8,2009,"WD","Normal",11.9083402372249
867,"20","RL",67,103.227903204512,"Pave","None","IRG","Othr","AllPub","Inside","Gtl","Othr","Norm","Norm","1Fam","8","5",2006,2007,"Gable","CompShg","VinylSd","Stone",274,"Gd","TA","PConc","Gd","TA","Av","Unf","Unf",0,40.4722126896961,"GasA","Ex","Y","SBrkr",40.5709255502016,0,0,0,2,0,3,1,"Gd",6,"Typ",1,"Gd","Attchd",2007,29.4957624075053,"Y",13.856406460551,8.94427190999916,0,0,0,0,"None","None",0,11,2007,"New","Partial",12.4248064883557
868,"20","RL",85,83.4865258589672,"Pave","None","Reg","Lvl","AllPub","Corner","Gtl","Sawyer","Feedr","Norm","1Fam","4","5",1961,1961,"Gable","CompShg","VinylSd","None",0,"TA","TA","CBlock","TA","TA","No","ALQ","Unf",0,10.3923048454133,"GasA","TA","Y","SBrkr",33.466401061363,0,1,0,1,1,3,1,"Othr",5,"Typ",0,"None","Attchd",1961,23.3238075793812,"Y",12.9614813968157,0,0,0,0,0,"None","Othr",400,5,2007,"WD","Normal",11.7675676833438
869,"60","RL",82.6293535807333,121.49897118906,"Pave","None","IRG","Lvl","AllPub","Corner","Gtl","Gilbert","Feedr","Norm","1Fam","5","6",1948,1950,"Gable","CompShg","Plywood","None",0,"TA","TA","Othr","Othr","Othr","Othr","Othr","Othr",0,0,"GasA","Gd","Y","SBrkr",39.3319208785943,53,0,0,2,0,2,1,"TA",7,"Typ",1,"TA","Attchd",1979,25.9229627936314,"Othr",10.9544511501033,12,0,0,0,0,"None","None",0,5,2006,"WD","Normal",12.0376539939052
870,"60","RL",80,99.6895180046528,"Pave","None","Reg","Lvl","AllPub","Inside","Gtl","Othr","Norm","Norm","1Fam","7","5",1993,1994,"Gable","CompShg","MetalSd","BrkFace",246,"Gd","TA","PConc","Gd","TA","No","GLQ","Unf",0,17.3205080756888,"GasA","Ex","Y","SBrkr",32.5883414736007,0,1,0,2,1,3,1,"Gd",8,"Typ",1,"TA","Attchd",1993,23.9582971014219,"Y",12.4899959967968,9.48683298050514,0,0,0,0,"Othr","None",0,6,2010,"WD","Normal",12.3715870840077
871,"20","RL",60,81.2403840463596,"Pave","None","Reg","Lvl","AllPub","Inside","Gtl","NAmes","Othr","Norm","1Fam","5","5",1962,1962,"Hip","CompShg","MetalSd","None",0,"TA","TA","CBlock","TA","TA","No","Unf","Unf",0,29.8998327754521,"GasA","Gd","N","SBrkr",29.8998327754521,0,0,0,1,0,2,1,"TA",5,"Typ",0,"None","Detchd",1962,17.5499287747842,"Y",0,0,0,0,0,0,"None","None",0,8,2009,"WD","Normal",11.6036798282387
872,"60","RL",70,93.5414346693485,"Pave","None","Reg","Lvl","AllPub","Inside","Gtl","CollgCr","Norm","Norm","1Fam","6","5",1998,1998,"Gable","CompShg","VinylSd","BrkFace",116,"TA","TA","PConc","Gd","TA","No","GLQ","Unf",0,17.2916164657906,"GasA","Ex","Y","SBrkr",28.3548937575157,0,0,0,2,1,3,1,"Gd",7,"Typ",0,"None","Attchd",1998,22.8691932520585,"Y",0,8.77496438739212,0,0,0,0,"None","None",0,6,2010,"WD","Normal",12.2085695257288
873,"20","RL",74,94.2974018730103,"Pave","None","Reg","Lvl","AllPub","Corner","Gtl","NAmes","Norm","Norm","1Fam","5","7",1953,1996,"Gable","CompShg","Othr","None",0,"Gd","TA","Othr","TA","TA","Av","Unf","Unf",0,10.2469507659596,"GasA","Gd","Y","SBrkr",30.1662062579967,0,0,0,1,0,3,1,"Gd",5,"Typ",0,"None","Attchd",1953,20.3469899493758,"Y",14,0,150,0,0,0,"Othr","None",0,10,2008,"WD","Normal",11.6613454700885
874,"Othr","RL",60,110.199818511647,"Pave","None","Reg","Lvl","AllPub","Inside","Gtl","NAmes","Norm","Norm","1Fam","5","7",1949,1950,"Gable","CompShg","HdBoard","None",0,"Gd","TA","CBlock","TA","TA","No","Rec","Unf",0,21.3775583264319,"GasA","Gd","Y","SBrkr",32.1869538788622,232,0,0,1,0,3,1,"TA",6,"Typ",1,"Gd","Attchd",1949,16.9705627484771,"Y",0,5.29150262212918,0,0,0,0,"None","Othr",0,9,2009,"WD","Normal",11.7981044072039
875,"50","RM",52,75.6306816047561,"Pave","None","Reg","Lvl","AllPub","Inside","Gtl","OldTown","Othr","Norm","1Fam","5","6",1941,1950,"Gable","CompShg","Wd Sdng","None",0,"TA","TA","CBlock","TA","TA","No","Unf","Unf",0,26,"GasA","Ex","Y","SBrkr",26,0,0,0,1,1,3,1,"TA",5,"Typ",0,"None","Detchd",1941,14.142135623731,"Y",5.09901951359278,0,0,0,0,0,"None","None",0,8,2009,"WD","Abnorml",11.1049572266439
876,"60","Othr",75,94.8683298050514,"Pave","None","Reg","Lvl","AllPub","Inside","Gtl","Somerst","Norm","Norm","1Fam","8","5",2007,2007,"Gable","CompShg","Othr","None",0,"Gd","TA","PConc","Gd","TA","Av","GLQ","Unf",0,33.466401061363,"GasA","Ex","Y","SBrkr",34.4093010681705,0,0,0,2,1,4,1,"Ex",11,"Typ",1,"Gd","BuiltIn",2007,23.4520787991171,"Y",14.422205101856,19.0787840283389,0,0,0,0,"None","None",0,8,2007,"New","Partial",12.623061104073
877,"20","RL",94,159.015722493092,"Pave","None","Reg","Othr","AllPub","Inside","Othr","Othr","Norm","Norm","1Fam","4","5",1963,1963,"Gable","CompShg","HdBoard","None",0,"TA","TA","PConc","TA","TA","Gd","ALQ","Unf",0,20.7605394920267,"GasA","Gd","Y","SBrkr",32.2490309931942,0,1,0,1,0,3,1,"TA",5,"Typ",0,"None","Attchd",1963,25.4558441227157,"Y",0,0,0,0,0,0,"None","None",0,1,2007,"WD","Normal",11.7924493497205
878,"60","RL",74,93.9893611000735,"Pave","None","Reg","Lvl","AllPub","Inside","Gtl","NridgHt","Norm","Norm","1Fam","Othr","5",2004,2005,"Hip","CompShg","VinylSd","Stone",216,"Gd","TA","PConc","Ex","TA","No","GLQ","Unf",0,17.0880074906351,"GasA","Ex","Y","SBrkr",38.2361085886103,0,1,0,2,1,4,1,"Ex",10,"Typ",1,"Gd","Attchd",2004,27.1661554144122,"Y",13.5646599662505,0,0,0,0,0,"None","None",0,6,2009,"WD","Normal",12.7656884334656
879,"Othr","RL",88,108.544921576276,"Pave","None","IRG","Lvl","AllPub","Inside","Gtl","Sawyer","Norm","Norm","1Fam","5","7",1961,1995,"Gable","CompShg","HdBoard","None",0,"TA","TA","CBlock","TA","TA","Av","ALQ","Unf",0,14.4913767461894,"GasA","TA","Y","SBrkr",33.9852909359329,0,1,0,1,0,3,1,"Gd",6,"Othr",0,"None","Detchd",1987,24,"Y",13.856406460551,0,0,0,0,0,"MnPrv","Othr",400,6,2010,"WD","Normal",11.9049675527463
880,"20","RL",62.1959750631123,83.6660026534076,"Pave","None","IRG","Lvl","AllPub","CulDSac","Gtl","CollgCr","Norm","Norm","1Fam","5","Othr",1978,2005,"Gable","CompShg","VinylSd","BrkFace",90,"Gd","Gd","CBlock","TA","TA","No","ALQ","Unf",0,14.7648230602334,"GasA","Ex","Y","SBrkr",29.3938769133981,0,1,0,1,0,3,1,"TA",6,"Typ",0,"None","Attchd",1978,18.3303027798234,"Y",0,0,0,0,0,0,"Othr","None",0,7,2009,"WD","Normal",11.8240798936072
881,"20","RL",60,83.8093073590279,"Pave","None","Reg","Lvl","AllPub","Inside","Gtl","Edwards","Norm","Norm","1Fam","5","5",2005,2006,"Gable","CompShg","VinylSd","None",0,"TA","TA","PConc","Ex","Othr","No","ALQ","Unf",0,10.4880884817015,"GasA","Gd","Y","SBrkr",33.0151480384384,0,1,0,1,1,2,1,"TA",5,"Typ",0,"None","Attchd",2005,21.2132034355964,"Y",0,7,0,0,0,0,"None","None",0,6,2007,"WD","Normal",11.9640010843304
882,"50","RL",44,117.294501149883,"Pave","None","IRG","Lvl","AllPub","CulDSac","Gtl","Othr","Norm","Norm","1Fam","7","5",1990,1991,"Gable","CompShg","HdBoard","BrkFace",117,"Gd","Gd","CBlock","Gd","TA","Mn","LwQ","Unf",0,15.9373774505092,"GasA","Ex","Y","SBrkr",34.4528663539044,0,0,0,2,1,3,1,"Gd",7,"Typ",1,"TA","Attchd",1990,20,"Y",12.9614813968157,6,0,0,0,0,"None","None",0,4,2007,"WD","Normal",12.1415341243926
883,"60","RL",69.1352156934201,98.1631295344642,"Pave","None","IRG","Lvl","AllPub","Corner","Gtl","Gilbert","Norm","Norm","1Fam","6","5",1992,1993,"Gable","CompShg","VinylSd","None",0,"TA","TA","PConc","Gd","TA","No","Unf","Unf",0,28.4253408071038,"GasA","Gd","Y","SBrkr",28.4253408071038,0,0,0,2,1,3,1,"TA",7,"Typ",1,"TA","BuiltIn",1993,19.723082923316,"Y",18.4932420089069,6.32455532033676,0,0,0,0,"MnPrv","None",0,12,2009,"WD","Normal",12.0895388292742
884,"Othr","RL",60,78.7654746700609,"Pave","None","Reg","Othr","AllPub","Inside","Gtl","Othr","Norm","Norm","1Fam","4","5",1912,1950,"Gable","CompShg","Wd Sdng","None",0,"Gd","TA","PConc","TA","Othr","No","Unf","Unf",0,28.1957443597434,"GasA","TA","N","SBrkr",30.886890422961,481,1,0,1,0,5,1,"TA",10,"Typ",0,"None","Detchd",1997,20.976176963403,"Y",0,13.7113092008021,0,0,0,0,"None","None",0,3,2006,"WD","Normal",11.6826682395573
885,"20","RL",65,84.5576726264388,"Pave","None","Reg","Lvl","AllPub","Inside","Gtl","NAmes","Norm","Norm","1Fam","5","5",1967,1967,"Gable","CompShg","HdBoard","BrkFace",60,"TA","TA","CBlock","TA","TA","No","BLQ","Unf",0,21.4476105895272,"GasA","TA","Y","SBrkr",29.8663690461362,0,0,0,1,0,3,1,"TA",5,"Typ",0,"None","Attchd",1967,16.9705627484771,"Y",0,0,0,0,0,0,"Othr","None",0,7,2009,"WD","Normal",11.5129254649702
886,"120","Othr",50,71.5471872263334,"Pave","None","IRG","Lvl","AllPub","CulDSac","Gtl","Somerst","Norm","Norm","TwnhsE","Othr","5",1999,2000,"Gable","CompShg","MetalSd","BrkFace",60,"Gd","TA","PConc","Ex","TA","Av","GLQ","Unf",0,21.4476105895272,"GasA","Ex","Y","SBrkr",41.3400532171888,0,1,0,2,0,2,1,"Gd",5,"Typ",1,"TA","Attchd",1999,22.494443758404,"Y",9.8488578017961,8.06225774829855,0,0,0,0,"None","None",0,1,2008,"Othr","Abnorml",12.7035090321771
887,"Othr","RL",70,91.6133178091483,"Pave","None","Reg","Lvl","AllPub","Corner","Gtl","NAmes","Norm","Norm","Othr","5","5",1959,2005,"Gable","CompShg","MetalSd","BrkFace",122,"TA","TA","CBlock","TA","TA","No","LwQ","Unf",0,33.1360830515618,"GasA","Ex","Y","SBrkr",41.3763217311544,0,0,0,2,0,4,2,"TA",8,"Typ",0,"None","Attchd",2005,24.2487113059643,"Y",16.4924225024706,7.34846922834953,0,0,0,0,"None","None",0,6,2006,"WD","Othr",11.8844890214027
888,"50","RL",59,128.319912718175,"Pave","None","IRG","Lvl","AllPub","Inside","Gtl","Edwards","Norm","Norm","1Fam","5","7",1955,1955,"Gable","CompShg","MetalSd","None",0,"TA","Gd","PConc","TA","TA","No","Unf","Unf",0,28.5657137141714,"GasA","TA","Y","SBrkr",29.5296461204668,0,0,0,1,1,3,1,"TA",8,"Typ",0,"None","Attchd",1955,17.3205080756888,"Y",11,0,0,0,265,0,"None","None",0,4,2008,"WD","Normal",11.8167269193019
889,"20","RL",95,125.95634164265,"Pave","None","IRG","Lvl","AllPub","Inside","Othr","NAmes","Norm","Norm","1Fam","8","6",1970,1970,"Othr","Othr","Wd Sdng","None",0,"Gd","Gd","PConc","TA","Othr","Gd","ALQ","Othr",28.6879765755621,32.2955105239103,"GasA","Ex","Y","SBrkr",47.0850294679742,0,1,0,2,0,4,1,"Gd",8,"Typ",1,"TA","Attchd",1970,24.9198715887542,"Y",9,14.3874945699382,0,0,224,0,"None","None",0,10,2007,"WD","Normal",12.498742259493
890,"20","RL",128,110.272390016722,"Pave","None","Reg","Lvl","AllPub","Inside","Gtl","NAmes","Feedr","Norm","1Fam","6","Othr",1953,1953,"Hip","CompShg","Wd Sdng","BrkFace",90,"TA","TA","CBlock","TA","TA","No","BLQ","Unf",0,21.9317121994613,"GasA","Ex","Y","SBrkr",38.7943294825416,0,1,0,1,0,2,1,"TA",6,"Typ",1,"TA","Attchd",1953,22.4722050542442,"Y",0,0,0,162,0,0,"None","None",0,2,2009,"WD","Normal",11.9150516718129
891,"50","RL",60,89.7997772825746,"Pave","None","Reg","Lvl","AllPub","Corner","Gtl","NAmes","Othr","Norm","1Fam","5","7",1949,2006,"Gable","CompShg","MetalSd","None",0,"TA","Gd","CBlock","TA","TA","Mn","Unf","Unf",0,25.9229627936314,"GasA","Ex","Y","SBrkr",25.9229627936314,0,0,0,1,0,3,1,"TA",6,"Typ",1,"Othr","Detchd",2003,24,"Y",0,0,0,0,0,0,"MnPrv","Othr",2000,7,2007,"WD","Normal",11.7191262955541
892,"60","RL",70,105.754432531218,"Pave","None","Reg","Lvl","AllPub","Inside","Gtl","Sawyer","Norm","Norm","1Fam","6","5",1978,1978,"Hip","CompShg","HdBoard","BrkFace",92,"TA","TA","CBlock","TA","TA","No","LwQ","Othr",22.3606797749979,13.856406460551,"GasA","Gd","Y","SBrkr",30.2985148150862,0,0,0,2,1,3,1,"TA",7,"Typ",1,"TA","Attchd",1978,20.976176963403,"Y",15.5884572681199,0,0,0,0,0,"None","None",0,7,2009,"WD","Normal",12.0581525154536
893,"20","RL",70,91.727858363749,"Pave","None","Reg","Lvl","AllPub","Inside","Gtl","Sawyer","Norm","Norm","1Fam","6","Othr",1963,2003,"Hip","CompShg","HdBoard","None",0,"TA","TA","CBlock","TA","TA","No","GLQ","Unf",0,19.8997487421324,"GasA","TA","Y","SBrkr",32.6802692767364,0,0,1,1,0,3,1,"TA",6,"Typ",0,"None","Attchd",1963,16.2480768092719,"Y",13.856406460551,0,0,0,0,0,"MnPrv","None",0,2,2006,"WD","Normal",11.9479493753199
894,"20","RL",78.7385350482618,115.256236273791,"Pave","None","Reg","Lvl","AllPub","Inside","Gtl","Sawyer","Othr","Norm","1Fam","5","5",1954,1954,"Gable","CompShg","Wd Sdng","None",0,"TA","TA","PConc","Gd","TA","Mn","BLQ","Unf",0,17.8605710994918,"GasA","TA","Y","SBrkr",37.1887079635741,0,1,0,1,0,3,1,"TA",6,"Typ",1,"Gd","Attchd",1954,18.8148877222268,"Y",22.6053091109146,10.770329614269,0,0,0,0,"Othr","None",0,6,2008,"WD","Normal",12.0137007528827
895,"Othr","RL",64,83.773504164503,"Pave","None","Reg","Othr","AllPub","Inside","Gtl","Othr","Norm","Norm","Othr","5","5",1979,1979,"Gable","CompShg","Plywood","None",0,"TA","TA","Othr","Othr","Othr","Othr","Othr","Othr",0,0,"GasA","TA","Y","SBrkr",39.1790760483195,0,0,0,2,0,4,2,"TA",8,"Typ",0,"None","Attchd",1979,20,"Y",0,0,0,0,0,0,"None","None",0,6,2009,"WD","Othr",11.6856847822605
896,"60","RL",71,84,"Pave","None","Reg","Lvl","AllPub","Inside","Gtl","NAmes","Norm","Norm","1Fam","6","5",1963,1963,"Hip","CompShg","HdBoard","BrkFace",415,"TA","TA","CBlock","TA","TA","No","BLQ","Unf",0,19.4935886896179,"GasA","TA","Y","SBrkr",31.3528308131818,0,1,0,1,1,4,1,"TA",8,"Typ",1,"TA","Attchd",1963,21.9772609758359,"Y",0,7.07106781186548,0,0,0,0,"None","None",0,10,2008,"WD","Normal",11.8493977015914
897,"Othr","RM",50,93.6215787091843,"Pave","Othr","Reg","Lvl","AllPub","Inside","Gtl","Othr","Norm","Norm","1Fam","4","6",1936,1950,"Gable","CompShg","Wd Sdng","None",0,"TA","TA","BrkTil","TA","TA","No","ALQ","Unf",0,25.8069758011279,"GasA","Ex","N","SBrkr",30.8382878902185,0,0,0,1,0,2,1,"TA",6,"Typ",0,"None","Detchd",1936,18.0831413200251,"Y",0,5.29150262212918,0,0,0,0,"None","None",0,4,2006,"WD","Abnorml",11.5759002641316
898,"Othr","RL",64,83.773504164503,"Pave","None","Reg","Lvl","AllPub","Inside","Gtl","Othr","Feedr","Norm","Othr","5","5",1979,1979,"Gable","CompShg","Plywood","None",0,"TA","TA","Othr","Othr","Othr","Othr","Othr","Othr",0,0,"GasA","TA","Y","SBrkr",33.466401061363,0,0,0,2,0,6,2,"TA",12,"Typ",0,"None","Detchd",1979,22.9782505861521,"Y",12.4096736459909,0,0,0,0,0,"None","None",0,6,2009,"WD","Othr",11.8702711838891
899,"20","RL",100,113.661778976048,"Pave","None","IRG","Lvl","AllPub","Inside","Gtl","NridgHt","Norm","Norm","1Fam","Othr","5",2009,2010,"Hip","CompShg","VinylSd","Stone",760,"Othr","TA","PConc","Ex","TA","Gd","GLQ","Unf",0,11.916375287813,"GasA","Ex","Y","SBrkr",48.6209831245729,0,1,0,2,1,2,1,"Ex",11,"Typ",2,"Gd","Attchd",2009,28.6356421265527,"Y",0,8.18535277187245,0,0,0,0,"None","None",0,3,2010,"New","Partial",13.3239269468631
900,"20","RL",65,83.6241591885981,"Pave","None","Reg","Lvl","AllPub","Inside","Gtl","Sawyer","Feedr","Norm","1Fam","5","7",1961,1994,"Gable","CompShg","HdBoard","None",0,"TA","TA","CBlock","TA","TA","No","BLQ","Unf",0,21.142374511866,"GasA","TA","Y","SBrkr",35.1567916624939,0,0,0,1,0,3,1,"TA",6,"Typ",1,"TA","Attchd",1961,16.9705627484771,"Y",0,0,0,0,0,0,"None","None",0,6,2006,"WD","Normal",11.8130300574206
901,"20","RL",63.0910212749123,85.6737999624156,"Pave","None","IRG","Lvl","AllPub","Inside","Gtl","NAmes","Norm","Norm","1Fam","4","6",1971,1971,"Gable","CompShg","HdBoard","None",0,"TA","TA","CBlock","TA","TA","No","ALQ","Unf",0,23.1516738055805,"GasA","TA","Y","SBrkr",29.2916370317536,0,0,0,1,0,2,1,"TA",4,"Typ",0,"None","Detchd",1979,26.153393661244,"Y",0,0,0,0,0,0,"None","None",0,6,2007,"WD","Normal",11.6082356447746
902,"20","RL",64,93.3380951166243,"Pave","None","IRG","Lvl","AllPub","Inside","Gtl","NAmes","Norm","Norm","1Fam","5","7",1957,2000,"Hip","CompShg","MetalSd","None",0,"TA","Gd","CBlock","TA","TA","Mn","BLQ","Unf",0,11.4891252930761,"GasA","TA","Y","SBrkr",36.1386219991853,0,1,0,1,0,2,1,"TA",5,"Typ",0,"None","Detchd",1968,27.495454169735,"Y",0,0,0,0,0,0,"None","None",0,5,2009,"WD","Normal",11.9381932003746
903,"60","RL",63,88.7411967464942,"Pave","None","Reg","Lvl","AllPub","Inside","Gtl","Gilbert","Norm","Norm","1Fam","7","5",2003,2003,"Gable","CompShg","VinylSd","None",0,"Gd","TA","PConc","Gd","TA","No","Unf","Unf",0,27.9821371592664,"GasA","Ex","Y","SBrkr",28.4077454226836,0,0,0,2,1,3,1,"Gd",8,"Typ",1,"Gd","Attchd",2003,19.824227601599,"Y",0,8.66025403784439,0,0,0,0,"None","None",0,7,2006,"WD","Normal",12.1007121298723
904,"20","RL",50,121.89749792346,"Pave","None","IRG","Othr","AllPub","CulDSac","Gtl","Gilbert","Norm","Norm","1Fam","7","5",2006,2006,"Hip","CompShg","VinylSd","BrkFace",27,"Gd","TA","PConc","Gd","TA","No","Unf","Unf",0,40.8656334834051,"GasA","Ex","Y","SBrkr",40.8656334834051,0,0,0,2,0,3,1,"Gd",7,"Typ",1,"Gd","Attchd",2006,26.2678510731274,"Y",12,7.74596669241483,0,0,0,0,"None","None",0,8,2006,"New","Partial",12.3883942023241
905,"20","RL",60.0189067773519,78.5684415016615,"Pave","None","IRG","Lvl","AllPub","Inside","Gtl","Sawyer","Norm","Norm","1Fam","5","6",1967,1967,"Gable","CompShg","HdBoard","BrkFace",75,"TA","TA","CBlock","TA","TA","No","GLQ","Unf",0,16.6433169770932,"GasA","TA","Y","SBrkr",30.0333148353624,0,0,0,1,0,3,1,"TA",6,"Typ",0,"None","Attchd",1967,16.9705627484771,"Y",0,0,0,0,0,0,"MnPrv","None",0,8,2007,"WD","Normal",11.740061037554
906,"20","RL",80,99.5991967839099,"Pave","None","Reg","Lvl","AllPub","Inside","Gtl","NAmes","Norm","Norm","1Fam","5","5",1954,1954,"Gable","CompShg","HdBoard","Stone",110,"TA","TA","CBlock","TA","TA","No","Rec","Othr",17.0293863659264,20.2977831301844,"GasA","TA","Y","SBrkr",32.6036807738022,0,1,0,1,0,3,1,"TA",6,"Typ",0,"None","Attchd",1954,16.7332005306815,"Y",0,0,164,0,0,0,"MnPrv","None",0,2,2010,"WD","Normal",11.7597855429018
907,"20","RL",116,116.193803621364,"Pave","None","IRG","Lvl","AllPub","Corner","Gtl","Somerst","Norm","Norm","1Fam","8","5",2006,2006,"Gable","CompShg","VinylSd","Stone",208,"Gd","TA","PConc","Gd","TA","No","GLQ","Unf",0,39.496835316263,"GasA","Ex","Y","SBrkr",40.4474968323134,0,1,0,2,0,3,1,"Gd",8,"Typ",1,"Gd","Attchd",2006,29.4108823397055,"Y",0,7.74596669241483,0,0,0,0,"None","None",0,6,2007,"WD","Normal",12.4490188241406
908,"50","RL",86,107.238052947636,"Pave","None","IRG","Lvl","AllPub","Inside","Gtl","Othr","Norm","Norm","1Fam","7","7",1936,1987,"Gable","CompShg","Othr","None",0,"Gd","TA","CBlock","Gd","TA","No","Rec","Unf",0,28.1780056072107,"GasA","Gd","Y","SBrkr",31.9374388453426,0,0,0,1,1,3,1,"Gd",6,"Typ",1,"Gd","Attchd",1936,13.4164078649987,"Y",0,0,0,0,322,0,"None","None",0,6,2006,"WD","Normal",12.4292161968444
909,"20","RL",67.1582165608855,94.2602779541839,"Pave","None","IRG","Othr","AllPub","Inside","Othr","Othr","Norm","Norm","1Fam","5","5",1983,1983,"Gable","CompShg","HdBoard","None",0,"TA","TA","CBlock","Gd","TA","Av","BLQ","Othr",18,15.4596248337403,"GasA","TA","Y","SBrkr",30.0333148353624,0,1,0,1,0,2,1,"TA",5,"Typ",0,"None","Attchd",1983,22,"Y",12.8062484748657,0,0,0,0,0,"MnPrv","None",0,6,2006,"WD","Normal",11.7829526021833
910,"60","RL",149,112.200713010212,"Pave","None","IRG","Lvl","AllPub","Inside","Gtl","Gilbert","Norm","Norm","1Fam","6","5",2005,2005,"Gable","CompShg","VinylSd","None",0,"Gd","TA","PConc","Gd","TA","No","Unf","Unf",0,27.2396769437525,"GasA","Ex","Y","SBrkr",27.2396769437525,0,0,0,2,1,3,1,"Gd",8,"Typ",1,"Gd","Attchd",2005,19.7484176581315,"Y",6,4.89897948556636,0,0,0,0,"None","None",0,6,2009,"WD","Normal",12.0668105781967
911,"Othr","RL",80,107.70329614269,"Pave","None","Reg","Lvl","AllPub","Corner","Gtl","NAmes","Feedr","Norm","Othr","5","5",1960,1960,"Gable","CompShg","MetalSd","BrkFace",361,"TA","TA","CBlock","TA","TA","No","Rec","Unf",0,25.7293606605372,"GasA","TA","Y","FuseA",33.2415402771893,0,0,0,2,0,5,2,"TA",12,"Typ",0,"None","Detchd",1960,21.9089023002066,"Y",0,0,0,0,0,0,"None","None",0,1,2010,"WD","Normal",11.9466540383513
912,"20","RL",68.2138445930378,96.3638936531728,"Pave","None","IRG","Lvl","AllPub","CulDSac","Othr","CollgCr","Norm","Norm","1Fam","5","7",1977,1989,"Gable","CompShg","HdBoard","None",0,"TA","TA","CBlock","Gd","Othr","Av","ALQ","Unf",0,32.7414110874898,"GasA","TA","Y","SBrkr",35.6089876295297,0,0,0,1,1,3,1,"Gd",5,"Typ",0,"None","Detchd",1978,15.8745078663875,"Y",13.1529464379659,0,0,0,0,0,"None","None",0,10,2009,"WD","Normal",11.8740903141818
913,"Othr","RM",51,78.2304288624318,"Pave","None","Reg","Lvl","AllPub","Inside","Gtl","Othr","Norm","Norm","1Fam","5","7",1925,1950,"Gable","CompShg","MetalSd","None",0,"TA","TA","BrkTil","TA","TA","No","Rec","Unf",0,16.7032930884901,"GasA","TA","N","SBrkr",31.859064644148,0,0,0,1,0,3,1,"TA",6,"Othr",0,"None","Detchd",1925,21.2132034355964,"Y",0,0,112,0,120,0,"MnPrv","Othr",620,7,2006,"WD","Abnorml",11.3850920934603
914,"Othr","Othr",82,79.1833315793166,"Pave","None","Reg","Othr","AllPub","Inside","Gtl","Othr","Norm","Norm","Othr","5","6",1949,1950,"Gable","CompShg","MetalSd","None",0,"TA","TA","CBlock","TA","TA","No","BLQ","Unf",0,26.7768556779918,"GasA","TA","N","FuseA",31.6385840391128,0,0,0,2,0,4,2,"TA",8,"Typ",0,"None","Othr",1949,29.5127091267474,"Y",0,0,0,0,0,0,"None","None",0,8,2007,"WD","Normal",11.8844890214027
915,"Othr","Othr",30,54.7722557505166,"Pave","Othr","Reg","Lvl","AllPub","Inside","Gtl","Somerst","Norm","Norm","TwnhsE","6","5",2009,2009,"Gable","CompShg","VinylSd","Stone",76,"Gd","TA","PConc","Gd","TA","Av","GLQ","Unf",0,17.832554500127,"GasA","Ex","Y","SBrkr",24.738633753706,0,0,0,2,1,2,1,"Gd",4,"Typ",0,"None","Detchd",2009,22.9782505861521,"Y",0,15.2970585407784,0,0,0,0,"None","None",0,6,2009,"New","Partial",12.0652749169136
916,"Othr","RM",21,44.7325384926901,"Pave","None","Reg","Lvl","AllPub","Inside","Gtl","Othr","Norm","Norm","Othr","4","5",1970,1970,"Gable","CompShg","Othr","BrkFace",80,"TA","TA","CBlock","TA","TA","No","Unf","Unf",0,23.3666428910958,"GasA","Othr","Y","SBrkr",23.3666428910958,0,0,0,1,1,3,1,"TA",6,"Typ",0,"None","Attchd",1970,16.9115345252878,"Y",0,0,0,0,0,0,"None","None",0,1,2007,"WD","Normal",11.2252433925184
917,"20","Othr",50,94.8683298050514,"Pave","None","Reg","Lvl","AllPub","Inside","Gtl","Othr","Norm","Norm","1Fam","Othr","Othr",1949,1950,"Gable","CompShg","Othr","None",0,"TA","TA","CBlock","TA","TA","Av","BLQ","Unf",0,20.7364413533277,"GasA","TA","N","FuseA",21.9089023002066,0,1,0,0,0,1,1,"TA",4,"Typ",0,"None","Detchd",1958,17.5499287747842,"Y",0,0,0,0,0,0,"None","None",0,10,2006,"WD","Abnorml",10.4719498091105
918,"20","RL",88.8894120856163,130.919822792425,"Pave","None","Reg","Lvl","AllPub","Inside","Gtl","Edwards","Norm","Norm","1Fam","4","6",1956,1956,"Gable","CompShg","VinylSd","None",0,"TA","TA","CBlock","TA","TA","No","ALQ","Unf",0,8.66025403784439,"GasA","Ex","Y","FuseA",35.0570962859162,0,0,0,1,0,3,1,"TA",6,"Typ",0,"None","Attchd",1956,16.8522995463527,"Y",0,0,0,0,0,0,"None","None",0,4,2009,"WD","Normal",11.8130300574206
919,"60","RL",103,114.564392373896,"Pave","None","IRG","Lvl","AllPub","Corner","Gtl","Othr","Norm","Norm","1Fam","7","5",1991,1991,"Gable","CompShg","HdBoard","None",0,"Gd","TA","PConc","Ex","TA","Mn","BLQ","Othr",25.1793566240283,20.5426385841741,"GasA","Ex","Y","SBrkr",30.199337741083,0,1,0,2,1,4,1,"Gd",8,"Typ",1,"TA","Attchd",1991,28.8617393793236,"Y",8.48528137423857,13.856406460551,224,0,0,0,"Othr","None",0,11,2007,"WD","Normal",12.3800259526536
920,"20","RL",87,105.019045891686,"Pave","None","IRG","Lvl","AllPub","Corner","Gtl","NAmes","Norm","Norm","1Fam","6","Othr",1958,2002,"Hip","CompShg","MetalSd","None",0,"Othr","TA","CBlock","Gd","TA","No","ALQ","Othr",20.2731349327133,15.6524758424985,"GasA","Ex","Y","SBrkr",37.6031913539263,0,1,0,1,0,3,1,"TA",6,"Othr",1,"TA","Attchd",1990,24.5153013442625,"Y",0,7.14142842854285,0,0,190,0,"None","None",0,5,2008,"WD","Normal",12.0810761553555
921,"60","RL",70,91.989129792601,"Pave","None","IRG","Lvl","AllPub","Inside","Gtl","Othr","Norm","Norm","1Fam","6","5",1994,1994,"Gable","CompShg","HdBoard","BrkFace",105,"Gd","Gd","PConc","Gd","Othr","No","GLQ","Unf",0,10.6770782520313,"GasA","Ex","Y","SBrkr",30.5941170815567,0,0,1,2,1,3,1,"Gd",7,"Typ",0,"None","Attchd",1994,21.7025344142107,"Y",17.3205080756888,9.32737905308882,0,0,0,0,"None","None",0,7,2007,"WD","Normal",12.2110601870412
922,"Othr","RL",67,93.6856445780249,"Pave","None","Reg","Lvl","AllPub","Inside","Gtl","Edwards","Feedr","Norm","Othr","5","7",1900,2003,"Gable","CompShg","MetalSd","None",0,"TA","TA","CBlock","TA","TA","No","ALQ","Unf",0,13.7113092008021,"GasA","Gd","Y","SBrkr",35.665109000254,0,2,0,2,2,4,2,"TA",9,"Typ",0,"None","None",1955,0,"N",0,8.36660026534076,0,0,0,0,"Othr","None",0,9,2008,"WD","Normal",11.8906767345109
923,"20","RL",65,101.178060863015,"Pave","None","Reg","Lvl","AllPub","Inside","Gtl","Gilbert","Othr","Norm","1Fam","6","5",2005,2006,"Gable","CompShg","VinylSd","None",0,"Gd","TA","PConc","Gd","TA","No","GLQ","Unf",0,35.8887168898527,"GasA","Ex","Y","SBrkr",36.2767142944341,0,0,0,2,0,3,1,"Gd",6,"Typ",1,"Gd","Attchd",2005,19.9248588451713,"Y",10,0,0,23,0,0,"None","None",0,10,2006,"New","Partial",12.0434948907728
924,"120","RL",50,89.509776002401,"Pave","None","Reg","Lvl","AllPub","Inside","Gtl","Othr","Norm","Norm","TwnhsE","6","5",1993,1994,"Gable","CompShg","Plywood","None",0,"Gd","TA","PConc","Gd","TA","No","LwQ","Othr",29,24.454038521275,"GasA","Ex","Y","SBrkr",40.2119385257662,0,1,0,2,0,2,1,"Gd",5,"Typ",1,"Othr","Attchd",1993,23.0867927612304,"Y",0,8.30662386291807,0,0,0,0,"None","None",0,7,2008,"WD","Normal",12.170445467887
925,"20","RL",79,101.192885125388,"Pave","None","Reg","Lvl","AllPub","Inside","Gtl","Othr","Norm","Norm","1Fam","6","6",1980,1980,"Gable","CompShg","Plywood","BrkFace",157,"TA","Gd","CBlock","Gd","TA","No","BLQ","Othr",32.5729949498047,0,"GasA","TA","Y","SBrkr",41.0609303352956,0,1,0,2,0,3,1,"TA",7,"Typ",1,"TA","Attchd",1980,24.738633753706,"Y",19.5959179422654,11.4455231422596,0,0,0,0,"None","None",0,5,2006,"WD","Normal",12.2428866186529
926,"20","RL",84.8643366213749,124.943987450377,"Pave","None","IRG","Lvl","AllPub","Corner","Gtl","Othr","Norm","Norm","1Fam","5","6",1977,1977,"Gable","CompShg","VinylSd","None",0,"TA","TA","PConc","Gd","TA","Av","ALQ","Othr",9.64365076099295,16.3095064303001,"GasA","TA","Y","SBrkr",33.555923471125,0,0,1,2,0,3,1,"Ex",6,"Typ",0,"None","Attchd",1977,23.2379000772445,"Y",13.4164078649987,0,0,0,0,0,"None","None",0,3,2008,"WD","Abnorml",12.0725412529057
927,"60","RL",93,109.539947051293,"Pave","None","Reg","Lvl","AllPub","Inside","Gtl","NridgHt","Norm","Norm","1Fam","8","5",2003,2004,"Hip","CompShg","VinylSd","BrkFace",340,"Gd","TA","PConc","Gd","TA","No","Unf","Unf",0,34.3656805548792,"GasA","Ex","Y","SBrkr",35.1283361405006,0,0,0,2,1,4,1,"Ex",10,"Typ",1,"Gd","BuiltIn",2003,25.6124969497314,"Y",10.1980390271856,10,0,0,0,0,"None","None",0,5,2007,"WD","Normal",12.5602444592508
928,"60","RL",69.8301927519942,99.498743710662,"Pave","None","Reg","Lvl","AllPub","Inside","Gtl","Othr","Feedr","Norm","1Fam","7","5",1968,1968,"Gable","CompShg","MetalSd","BrkFace",342,"TA","TA","CBlock","TA","TA","No","BLQ","Unf",0,16.7332005306815,"GasA","Gd","Y","SBrkr",33.1360830515618,0,0,0,2,1,4,1,"TA",9,"Typ",1,"Gd","Attchd",1968,22.0454076850486,"Y",0,6.557438524302,0,0,0,0,"Othr","None",0,4,2008,"WD","Normal",12.0782392740203
929,"20","RL",74.9319561592538,108.802573498976,"Pave","None","Reg","Lvl","AllPub","Inside","Gtl","CollgCr","Norm","Norm","1Fam","8","5",2001,2001,"Hip","CompShg","VinylSd","None",0,"Gd","TA","PConc","Gd","TA","Av","Unf","Unf",0,41.8688428309166,"GasA","Ex","Y","SBrkr",42.2847490237319,0,0,0,2,0,3,1,"Ex",7,"Typ",1,"TA","Attchd",2001,22.8473193175917,"Y",14.2126704035519,12.2882057274445,0,0,0,0,"None","None",0,6,2009,"WD","Normal",12.3737034869141
930,"60","RL",78.0067031456724,114.043851215223,"Pave","None","IRG","Lvl","AllPub","Corner","Gtl","Gilbert","Norm","Norm","1Fam","7","5",1997,1997,"Gable","CompShg","HdBoard","BrkFace",285,"TA","TA","PConc","Gd","TA","No","Unf","Unf",0,31.04834939252,"GasA","Gd","Y","SBrkr",31.5119025131775,0,0,0,2,1,4,1,"Gd",8,"Typ",1,"TA","BuiltIn",1997,25.3377189186399,"Y",0,0,0,0,0,0,"None","None",0,11,2006,"WD","Normal",12.3104326608544
931,"20","RL",73,94.4722181384559,"Pave","None","IRG","Othr","AllPub","Inside","Gtl","Othr","Norm","Norm","1Fam","8","5",2007,2007,"Gable","CompShg","VinylSd","None",0,"Gd","TA","PConc","Gd","TA","Av","GLQ","Unf",0,38.0788655293195,"GasA","Ex","Y","SBrkr",38.2883794381533,0,0,0,2,0,3,1,"Gd",7,"Typ",0,"None","Attchd",2007,24.6981780704569,"Y",10,4.24264068711928,0,0,0,0,"None","None",0,7,2009,"WD","Normal",12.2110601870412
932,"20","RL",70,95.3939201416946,"Pave","None","Reg","Lvl","AllPub","Inside","Gtl","NAmes","Norm","Norm","1Fam","5","6",1965,1965,"Gable","CompShg","VinylSd","None",0,"TA","TA","CBlock","TA","TA","No","BLQ","Othr",21.5870331449229,11,"GasA","Ex","Y","SBrkr",30.4138126514911,0,0,1,1,0,2,1,"TA",5,"Typ",0,"None","Detchd",1965,20.712315177208,"Y",0,0,0,0,0,0,"Othr","None",0,7,2009,"WD","Normal",11.6741936125664
933,"20","RL",84,108.027774206451,"Pave","None","IRG","Lvl","AllPub","Corner","Gtl","Somerst","Othr","Norm","1Fam","Othr","5",2006,2006,"Hip","CompShg","VinylSd","Stone",302,"Othr","TA","PConc","Ex","Othr","No","Unf","Unf",0,43.6463056855904,"GasA","Ex","Y","SBrkr",43.6463056855904,0,0,0,2,0,3,1,"Ex",8,"Typ",1,"Gd","Attchd",2006,28.0713376952364,"Y",0,13.8202749610853,0,0,0,0,"None","None",0,3,2007,"WD","Normal",12.6760762747759
934,"20","RL",63,92.1249151967045,"Pave","None","Reg","Lvl","AllPub","Othr","Gtl","CollgCr","Norm","Norm","1Fam","7","5",2004,2004,"Gable","CompShg","VinylSd","BrkFace",210,"Gd","TA","PConc","Gd","TA","Av","GLQ","Unf",0,38.4707681233427,"GasA","Ex","Y","SBrkr",38.7298334620742,0,0,0,2,0,3,1,"Gd",6,"Typ",0,"None","Attchd",2004,23.8746727726266,"Y",13.856406460551,6,0,0,0,0,"None","None",0,8,2009,"WD","Normal",12.1547793511426
935,"20","RL",313,166.282891483159,"Pave","None","IRG","Othr","AllPub","Inside","Othr","NAmes","Othr","Norm","1Fam","7","7",1960,2007,"Othr","Othr","Wd Sdng","None",0,"TA","TA","CBlock","Gd","TA","Gd","GLQ","Unf",0,12.6491106406735,"GasA","Ex","Y","SBrkr",45.4862616621766,0,1,0,2,0,4,1,"Gd",9,"Typ",1,"Gd","Attchd",1960,22.4722050542442,"Y",0,0,0,0,0,0,"None","None",0,11,2008,"WD","Normal",12.3966930051388
936,"Othr","RL",52,76.3216876123687,"Pave","None","IRG","Lvl","AllPub","Inside","Gtl","Othr","Norm","Norm","1Fam","4","5",1926,1953,"Gable","CompShg","MetalSd","BrkFace",108,"TA","Gd","PConc","Othr","TA","Mn","Unf","Unf",0,24.4948974278318,"GasA","Gd","Y","SBrkr",27.3313007374329,0,0,0,1,0,1,1,"TA",5,"Typ",0,"None","Detchd",1953,22.9782505861521,"Y",0,0,32,0,0,0,"None","None",0,6,2006,"WD","Normal",11.2885311317544
937,"20","RL",67,100.414142430237,"Pave","None","Reg","Lvl","AllPub","Inside","Gtl","Othr","Norm","Norm","1Fam","7","5",2003,2003,"Gable","CompShg","VinylSd","BrkFace",261.6724,"Gd","TA","PConc","Gd","TA","No","GLQ","Unf",0,18.5202591774521,"GasA","Ex","Y","SBrkr",34.6410161513775,0,1,0,2,0,2,1,"Gd",5,"Typ",0,"None","Attchd",2003,23.5584379787795,"Y",0,6.40312423743285,0,0,0,0,"None","None",0,8,2009,"WD","Normal",12.1275704173752
938,"60","RL",75,98.36157786453,"Pave","None","Reg","Lvl","AllPub","Inside","Gtl","Somerst","Norm","Norm","1Fam","7","5",2005,2005,"Gable","CompShg","VinylSd","None",0,"Gd","TA","PConc","Gd","TA","Mn","GLQ","Unf",0,27.7848879788996,"GasA","Ex","Y","SBrkr",33.3616546352246,0,0,0,2,1,3,1,"Gd",8,"Typ",1,"Gd","Attchd",2005,26.2488094968134,"Y",0,6.92820323027551,0,0,0,0,"None","None",0,2,2009,"WD","Normal",12.4411447677097
939,"60","RL",73,93.5948716543807,"Pave","None","Reg","Lvl","AllPub","Inside","Gtl","CollgCr","Norm","Norm","1Fam","7","5",2006,2006,"Gable","CompShg","VinylSd","None",0,"Gd","TA","PConc","Gd","Othr","Mn","GLQ","Unf",0,30.4466746952767,"GasA","Ex","Y","SBrkr",37.296112397943,0,0,0,2,1,3,1,"Gd",7,"Typ",0,"None","Attchd",2006,29.4618397253125,"Y",0,9.48683298050514,0,0,0,0,"None","None",0,8,2006,"New","Partial",12.3875563514251
940,"Othr","RL",107.18520965035,155.209535789526,"Pave","None","Reg","Lvl","AllPub","Inside","Gtl","Othr","Norm","Norm","1Fam","7","7",1940,1950,"Gable","CompShg","MetalSd","None",0,"TA","Gd","CBlock","TA","TA","Mn","Unf","Unf",0,32.124756808418,"GasA","Ex","Y","SBrkr",34.7419055320804,0,0,0,2,0,4,1,"TA",10,"Typ",2,"TA","Attchd",1940,18.6815416922694,"Y",7.48331477354788,0,318,0,0,0,"None","None",0,6,2010,"Othr","Normal",12.4065615062796
941,"Othr","RL",55,112.427754580442,"Pave","None","IRG","Lvl","AllPub","Inside","Gtl","Othr","Norm","Norm","Othr","6","5",1976,1976,"Gable","CompShg","Plywood","None",0,"TA","TA","CBlock","TA","TA","Gd","Rec","Othr",19.8997487421324,19.8997487421324,"GasA","TA","Y","SBrkr",41.5692193816531,0,0,0,2,0,4,2,"TA",8,"Typ",0,"None","Attchd",1976,23.9582971014219,"Y",6.32455532033676,0,0,0,0,0,"None","None",0,7,2006,"WD","Normal",11.9243726447559
942,"60","RL",66.815993009315,93.5681569766125,"Pave","None","IRG","Lvl","AllPub","Othr","Gtl","Gilbert","Othr","Norm","1Fam","7","5",1999,1999,"Gable","CompShg","VinylSd","BrkFace",298,"Gd","TA","PConc","Gd","TA","No","ALQ","Unf",0,14.8323969741913,"GasA","Ex","Y","SBrkr",31.9687347262916,0,1,0,2,1,3,1,"Gd",8,"Typ",1,"TA","BuiltIn",1999,19.7484176581315,"Y",0,0,0,168,0,0,"Othr","None",0,6,2009,"WD","Normal",12.273731294004
943,"Othr","RL",42,87.8122998218359,"Pave","None","IRG","Lvl","AllPub","Inside","Gtl","Edwards","Norm","Norm","Othr","4","Othr",1977,1977,"Gable","CompShg","MetalSd","None",0,"TA","TA","PConc","Gd","TA","Gd","GLQ","Unf",0,0,"GasA","TA","Y","SBrkr",37.9473319220206,0,2,0,2,0,4,2,"TA",8,"Typ",0,"None","None",1931,0,"N",17.9164728671689,0,0,0,0,0,"None","None",0,8,2007,"Othr","Abnorml",11.9183905730784
944,"Othr","RL",100,158.113883008419,"Pave","None","Reg","Othr","AllPub","Inside","Gtl","Othr","Norm","Norm","Othr","5","Othr",1967,1967,"Gable","CompShg","HdBoard","None",0,"TA","TA","CBlock","TA","TA","Av","Unf","Unf",0,40.3980197534483,"GasA","TA","Y","SBrkr",40.3980197534483,0,0,0,2,0,4,2,"TA",8,"Typ",0,"None","Attchd",1967,24,"Othr",0,0,0,0,0,0,"None","None",0,6,2007,"WD","Normal",11.870599909242
945,"20","RL",81.6105803925963,119.895788082818,"Pave","None","IRG","Lvl","Othr","CulDSac","Gtl","Othr","Norm","Norm","1Fam","6","6",1958,1958,"Gable","CompShg","HdBoard","BrkFace",541,"TA","TA","CBlock","TA","TA","No","GLQ","Othr",18.8148877222268,18.8148877222268,"GasA","Gd","Y","FuseA",36.6606055596467,0,0,1,1,0,3,1,"Gd",7,"Typ",1,"Gd","Othr",1958,22.9128784747792,"Y",0,10.8627804912002,0,0,233,0,"None","None",0,1,2009,"Othr","Abnorml",11.8313791960888
946,"50","RM",98,93.9148550549912,"Pave","None","Reg","Lvl","AllPub","Corner","Gtl","OldTown","Norm","Norm","1Fam","5","6",1890,1996,"Hip","CompShg","VinylSd","None",0,"TA","TA","BrkTil","TA","TA","No","LwQ","Unf",0,0,"GasA","TA","Y","SBrkr",34.4673758792282,120,0,0,1,0,2,1,"TA",7,"Typ",0,"None","Detchd",1963,21.3541565040626,"Y",6.92820323027551,0,244,0,0,0,"Othr","None",0,9,2009,"WD","Normal",11.7352686961137
947,"Othr","RL",70,90.3493220782536,"Pave","None","Reg","Lvl","AllPub","Inside","Gtl","NAmes","Norm","Norm","1Fam","5","6",1959,1959,"Gable","CompShg","HdBoard","BrkFace",128,"TA","Gd","CBlock","TA","TA","Av","ALQ","Othr",17.1464281994822,10.0995049383621,"GasA","TA","Y","SBrkr",33.8230690505755,0,1,0,1,0,3,1,"TA",6,"Typ",1,"TA","Attchd",1959,28.2134719593318,"Y",9.2736184954957,0,0,0,0,0,"None","None",0,3,2006,"WD","Normal",11.870599909242
948,"20","RL",85,120.565334984812,"Pave","None","Reg","Lvl","AllPub","Inside","Gtl","Othr","Norm","Norm","1Fam","8","5",2002,2003,"Hip","CompShg","VinylSd","BrkFace",236,"Gd","TA","PConc","Gd","TA","Av","GLQ","Unf",0,17.7763888346312,"GasA","Ex","Y","SBrkr",40.3608721412211,0,1,0,2,0,3,1,"Gd",9,"Typ",1,"Gd","Attchd",2002,28.4253408071038,"Y",0,15.8745078663875,0,0,0,0,"None","None",0,11,2007,"WD","Normal",12.5061772379805
949,"60","RL",65,118.346947573649,"Pave","None","IRG","Lvl","AllPub","Inside","Gtl","CollgCr","Norm","Norm","1Fam","7","5",2002,2002,"Gable","CompShg","VinylSd","BrkFace",144,"Gd","TA","PConc","Gd","TA","Othr","Unf","Unf",0,30.5941170815567,"GasA","Ex","Y","SBrkr",30.5941170815567,0,0,0,2,1,3,1,"Gd",7,"Typ",1,"TA","Attchd",2002,21.7715410570772,"Y",12,9.79795897113271,0,0,0,0,"None","None",0,2,2006,"WD","Normal",12.16785143271
950,"20","RL",78,96.7470929795826,"Pave","None","Reg","Lvl","AllPub","Inside","Gtl","Othr","Norm","Norm","1Fam","6","7",1972,2006,"Hip","CompShg","Plywood","None",0,"TA","TA","CBlock","TA","TA","No","ALQ","Unf",0,13.3790881602597,"GasA","TA","Y","SBrkr",37.1618083521241,0,1,0,1,1,3,1,"Gd",5,"Typ",1,"TA","Attchd",1972,26,"Y",0,0,0,0,0,0,"None","None",0,3,2010,"WD","Normal",12.1934938633233
951,"20","RL",60,84.8528137423857,"Pave","None","Reg","Lvl","AllPub","Inside","Gtl","NAmes","Norm","Norm","1Fam","5","Othr",1950,2002,"Gable","CompShg","VinylSd","None",0,"TA","TA","CBlock","TA","TA","No","ALQ","Othr",12.2065556157337,17.8044938147649,"GasA","Gd","Y","SBrkr",29.3938769133981,0,1,0,1,0,3,1,"Gd",5,"Typ",0,"None","Detchd",1980,26.8328157299975,"Y",13.9283882771841,0,0,0,0,0,"None","None",0,7,2007,"WD","Normal",11.7675676833438
952,"20","Othr",60,88.3176086632785,"Pave","None","Reg","Lvl","AllPub","Corner","Gtl","Othr","Norm","Norm","1Fam","5","5",1965,1965,"Gable","CompShg","VinylSd","None",0,"TA","TA","CBlock","TA","TA","No","BLQ","Unf",0,13.6747943311773,"GasA","Gd","Y","SBrkr",31.0644491340181,0,1,0,1,0,3,1,"TA",6,"Typ",0,"None","Detchd",1979,17.3205080756888,"Y",20.5182845286832,0,0,0,0,0,"MnPrv","None",0,7,2006,"WD","Abnorml",11.6944133410156
953,"Othr","RL",60,84.8528137423857,"Pave","None","Reg","Lvl","AllPub","Inside","Gtl","CollgCr","Norm","Norm","1Fam","5","Othr",1972,2003,"Gable","CompShg","Othr","None",0,"TA","Gd","CBlock","Gd","TA","Av","GLQ","Unf",0,10.3923048454133,"GasA","Gd","Y","SBrkr",27.712812921102,0,0,1,1,0,2,1,"TA",5,"Typ",0,"None","Detchd",1974,19.8997487421324,"Y",13.856406460551,0,0,0,0,0,"MnPrv","None",0,4,2009,"WD","Normal",11.8048485316793
954,"60","RL",72.9233671604204,105.237825899246,"Pave","None","IRG","Lvl","AllPub","Inside","Othr","Othr","Norm","Norm","1Fam","5","Othr",1969,1969,"Gable","CompShg","HdBoard","BrkFace",232,"TA","TA","CBlock","TA","TA","Av","ALQ","Othr",13.8924439894498,5.3851648071345,"GasA","Ex","Y","SBrkr",34.1760149812701,0,0,1,2,1,4,1,"TA",7,"Othr",1,"Othr","Attchd",1969,23.0217288664427,"Y",17.464249196573,13.7477270848675,0,0,0,0,"MnPrv","Othr",400,9,2008,"WD","Normal",12.0552497557956
955,"Othr","RL",35,96.9535971483266,"Pave","None","IRG","Lvl","AllPub","CulDSac","Gtl","Edwards","Norm","Norm","Othr","6","5",1975,1975,"Othr","Othr","Othr","BrkFace",250,"TA","TA","CBlock","Gd","Othr","Gd","GLQ","Unf",0,0,"GasA","TA","Y","SBrkr",31.3049516849971,0,0,2,2,0,4,0,"TA",4,"Typ",0,"None","None",1951,0,"Y",0,0,0,0,0,0,"None","None",0,10,2006,"WD","Othr",11.7558716435806
956,"Othr","Othr",82,84.4748483277715,"Pave","None","IRG","Othr","AllPub","Inside","Gtl","Othr","Norm","Norm","Othr","6","6",1946,1950,"Gable","CompShg","MetalSd","BrkFace",423,"TA","TA","CBlock","Gd","TA","No","Rec","Unf",0,22.248595461287,"GasA","TA","N","Othr",31.288975694324,0,0,0,2,0,4,2,"TA",8,"Typ",0,"None","Attchd",1946,22.1810730128188,"Y",0,0,0,0,0,0,"None","None",0,8,2007,"WD","Normal",11.8844890214027
957,"Othr","RM",24,36.0555127546399,"Pave","None","Reg","Lvl","AllPub","Inside","Gtl","Othr","Norm","Norm","TwnhsE","6","6",1980,1980,"Gable","CompShg","MetalSd","None",0,"TA","TA","CBlock","Gd","TA","No","ALQ","Unf",0,16.6132477258361,"GasA","TA","Y","SBrkr",23.685438564654,0,0,0,1,1,2,1,"TA",5,"Typ",1,"TA","Attchd",1980,21.4941852602047,"Y",12.2474487139159,0,0,0,0,0,"Othr","None",0,5,2009,"WD","Normal",11.7280368445872
958,"20","RL",70,86.1394218694321,"Pave","None","Reg","Lvl","AllPub","Inside","Gtl","Sawyer","Norm","Norm","1Fam","5","5",1962,1962,"Hip","CompShg","MetalSd","None",0,"TA","TA","CBlock","TA","TA","No","Rec","Unf",0,25.298221281347,"GasA","TA","Y","SBrkr",32.5115364140177,0,0,0,1,0,3,1,"TA",6,"Typ",0,"None","Detchd",1977,24,"Y",0,0,0,0,0,0,"None","None",0,4,2007,"WD","Normal",11.7905572015685
959,"20","RL",65,91.9238815542512,"Pave","None","Reg","Lvl","AllPub","Inside","Gtl","CollgCr","Norm","Norm","1Fam","7","5",2003,2003,"Gable","CompShg","VinylSd","None",0,"Gd","TA","PConc","Gd","TA","Mn","GLQ","Unf",0,25.2586618806302,"GasA","Ex","Y","SBrkr",36.5650105975644,0,1,0,2,0,3,1,"Gd",6,"Typ",0,"None","Attchd",2003,23.0434372436058,"Y",0,6.2449979983984,0,0,0,0,"None","None",0,10,2007,"WD","Normal",12.1281111040605
960,"Othr","Othr",24,50.7148893324239,"Pave","None","Reg","Lvl","AllPub","Othr","Gtl","Somerst","Norm","Norm","Othr","7","5",1999,1999,"Hip","CompShg","MetalSd","None",0,"Gd","TA","PConc","Gd","TA","No","ALQ","Unf",0,9.59166304662544,"GasA","Ex","Y","SBrkr",26.3818119165458,0,1,0,2,1,3,1,"Gd",6,"Typ",0,"None","Detchd",1999,22,"Y",0,6.6332495807108,0,0,0,0,"None","None",0,5,2010,"WD","Normal",11.9511803959014
961,"20","RL",50,84.8940516172953,"Pave","None","IRG","Lvl","AllPub","Inside","Gtl","Othr","Norm","Norm","1Fam","5","7",1958,2008,"Gable","CompShg","Wd Sdng","None",0,"TA","Gd","CBlock","TA","TA","Gd","BLQ","Unf",0,12.7279220613579,"GasA","Gd","Y","SBrkr",29.2916370317536,0,1,0,1,0,2,1,"TA",4,"Typ",0,"None","None",1938,0,"Y",10.816653826392,0,0,0,0,0,"None","None",0,2,2010,"WD","Normal",11.6656465519879
962,"60","RL",75.9559943251073,110.575765880233,"Pave","None","IRG","Lvl","AllPub","Corner","Gtl","Othr","Othr","Norm","1Fam","6","7",1977,1995,"Gable","CompShg","HdBoard","BrkFace",424,"TA","Gd","CBlock","Gd","Othr","No","ALQ","Unf",0,20.8326666559997,"GasA","TA","Y","SBrkr",39.2683078321437,0,1,0,2,1,4,1,"TA",11,"Typ",1,"TA","Attchd",1977,24.8797106092495,"Y",23.4520787991171,16.7928556237467,0,0,0,0,"None","None",0,7,2008,"WD","Normal",12.5135573452781
963,"Othr","RL",24,48.0416485978573,"Pave","None","Reg","Lvl","AllPub","Corner","Gtl","Othr","Norm","Norm","TwnhsE","6","6",1976,1976,"Gable","CompShg","Plywood","None",0,"TA","TA","CBlock","Gd","TA","No","ALQ","Unf",0,15.7480157480236,"GasA","TA","Y","SBrkr",28.3548937575157,0,1,0,2,1,3,1,"Gd",7,"Typ",1,"TA","Detchd",1976,20.976176963403,"Y",6.92820323027551,0,0,0,0,0,"None","None",0,7,2007,"WD","Normal",11.9511803959014
964,"20","RL",122,109.192490584289,"Pave","None","IRG","Lvl","AllPub","Corner","Gtl","CollgCr","Norm","Norm","1Fam","Othr","5",2007,2007,"Gable","CompShg","VinylSd","None",0,"Gd","TA","PConc","Ex","TA","No","Unf","Unf",0,42.4264068711929,"GasA","Ex","Y","SBrkr",42.4264068711929,0,0,0,2,0,2,1,"Ex",7,"Typ",0,"None","Attchd",2007,26.4952825989835,"Y",16.9705627484771,11.6619037896906,0,0,0,0,"None","None",0,5,2009,"WD","Normal",12.3842188309136
965,"60","RL",80,106.376689175778,"Pave","None","Reg","Lvl","AllPub","Corner","Gtl","Othr","Norm","Norm","1Fam","7","5",2002,2003,"Gable","CompShg","VinylSd","BrkFace",44,"Gd","TA","PConc","Gd","TA","No","GLQ","Unf",0,13.8924439894498,"GasA","Ex","Y","SBrkr",28.7054001888146,0,1,0,2,1,4,1,"Gd",8,"Typ",1,"Gd","BuiltIn",2002,22.5831795812724,"Y",0,6.32455532033676,0,0,0,0,"None","None",0,2,2010,"WD","Normal",12.2779280826306
966,"60","RL",65,101.178060863015,"Pave","None","Reg","Lvl","AllPub","Inside","Gtl","Gilbert","Othr","Norm","1Fam","6","5",2005,2007,"Gable","CompShg","VinylSd","None",0,"Gd","TA","PConc","Gd","TA","No","Unf","Unf",0,27.9821371592664,"GasA","Ex","Y","SBrkr",27.9821371592664,0,0,0,2,1,3,1,"Gd",8,"Typ",1,"Gd","Attchd",2005,19.824227601599,"Y",0,8.48528137423857,0,0,0,0,"None","None",0,7,2007,"New","Partial",12.0945822694968
967,"50","RL",130,97.9795897113271,"Pave","None","IRG","Othr","AllPub","Inside","Gtl","Othr","Norm","Norm","1Fam","5","7",1940,1950,"Gable","CompShg","MetalSd","None",0,"Gd","Gd","BrkTil","TA","Othr","No","Rec","Unf",0,17.3205080756888,"GasA","Ex","Y","SBrkr",31.2409987036266,0,1,0,1,1,2,1,"TA",7,"Othr",2,"TA","Detchd",1940,16,"Y",0,8.36660026534076,0,0,0,0,"None","None",0,6,2009,"WD","Normal",11.982929094216
968,"20","RL",63.222645717824,85.9651092013498,"Pave","None","IRG","Lvl","AllPub","Inside","Gtl","NAmes","Norm","Norm","1Fam","5","7",1955,1955,"Hip","CompShg","Wd Sdng","BrkFace",151,"TA","TA","CBlock","TA","TA","No","ALQ","Unf",0,14,"GasA","TA","Y","SBrkr",33.1360830515618,0,1,0,1,0,3,1,"TA",6,"Typ",0,"None","Attchd",1955,16.1245154965971,"Y",0,0,0,0,0,0,"None","None",0,7,2008,"WD","Normal",11.8130300574206
969,"50","RM",50,76.9740215917033,"Pave","None","Reg","Lvl","AllPub","Inside","Gtl","OldTown","Norm","Norm","1Fam","Othr","6",1910,1950,"Gable","CompShg","VinylSd","None",0,"TA","TA","BrkTil","TA","TA","No","Unf","Unf",0,24.4948974278318,"Othr","Othr","N","SBrkr",24.4948974278318,0,0,0,1,0,2,1,"TA",6,"Typ",0,"None","None",1921,0,"Y",0,0,0,0,0,0,"Othr","None",0,5,2009,"WD","Abnorml",10.5427063910705
970,"Othr","RL",75,101.892099791888,"Pave","None","Reg","Lvl","AllPub","Inside","Gtl","NAmes","Norm","Norm","Othr","6","5",1958,1958,"Hip","CompShg","HdBoard","BrkFace",105,"TA","Othr","CBlock","TA","TA","Gd","ALQ","Unf",0,8.66025403784439,"GasA","TA","Y","SBrkr",33.0907842155486,0,1,0,1,0,2,1,"TA",6,"Typ",0,"None","Attchd",1958,16.2480768092719,"Y",0,0,0,0,0,0,"None","None",0,3,2006,"Othr","Normal",11.8493977015914
971,"50","RL",60,103.923048454133,"Pave","None","Reg","Lvl","AllPub","Inside","Gtl","NAmes","Norm","Norm","1Fam","4","Othr",1949,1950,"Gable","CompShg","Othr","None",0,"TA","TA","CBlock","TA","TA","No","Unf","Unf",0,26.8328157299975,"GasA","TA","N","FuseA",26.8328157299975,0,0,0,1,1,4,1,"TA",6,"Typ",0,"None","None",1957,0,"Y",0,0,0,0,0,0,"None","None",0,12,2006,"WD","Abnorml",11.8130300574206
972,"Othr","RL",36,47.6235235991626,"Pave","None","Reg","Lvl","AllPub","Inside","Gtl","NridgHt","Norm","Norm","Othr","7","5",2003,2004,"Gable","CompShg","VinylSd","Stone",106,"Gd","TA","PConc","Gd","TA","No","GLQ","Unf",0,14.0356688476182,"GasA","Ex","Y","SBrkr",27.6405499221705,0,0,0,2,0,2,1,"Gd",6,"Typ",0,"None","BuiltIn",2003,21.7715410570772,"Y",0,5.19615242270663,0,0,0,0,"None","None",0,7,2009,"WD","Normal",12.0610468734799
973,"120","RL",55,88.8369292580512,"Pave","None","Reg","Lvl","AllPub","Inside","Gtl","Othr","Norm","Norm","TwnhsE","6","5",1979,1979,"Gable","CompShg","Plywood","None",0,"TA","TA","CBlock","Gd","TA","No","Unf","Unf",0,30.2985148150862,"GasA","TA","Y","SBrkr",30.2985148150862,0,0,0,2,0,2,1,"TA",5,"Typ",1,"TA","Attchd",1979,16.2480768092719,"Y",5.29150262212918,0,0,0,0,0,"None","None",0,4,2010,"WD","Normal",11.5079129231467
974,"20","Othr",95,107.884197174563,"Pave","None","Reg","Lvl","AllPub","Corner","Gtl","Somerst","Norm","Norm","1Fam","7","5",2007,2008,"Gable","CompShg","Othr","BrkFace",261.6724,"Gd","TA","PConc","Gd","TA","No","Unf","Unf",0,37.7888872553824,"GasA","Ex","Y","SBrkr",37.7888872553824,0,0,0,2,0,3,1,"Gd",6,"Typ",0,"None","Attchd",2007,21.9089023002066,"Y",0,10.9544511501033,0,0,0,0,"None","None",0,12,2008,"New","Partial",12.1117619660589
975,"Othr","RL",60,106.836323411095,"Pave","None","IRG","Lvl","AllPub","Corner","Gtl","Othr","Othr","Othr","1Fam","7","Othr",1910,1993,"Gable","CompShg","HdBoard","None",0,"TA","Gd","BrkTil","Gd","TA","No","Unf","Unf",0,26.9814751264641,"GasA","TA","N","SBrkr",33.7045990927054,0,0,0,1,0,3,1,"Gd",8,"Typ",0,"None","Detchd",1997,23.0651251893416,"Y",22.561028345357,11.6189500386223,0,0,0,0,"Othr","None",0,10,2009,"WD","Normal",12.0287386302473
976,"Othr","Othr",50.7472810186479,51.487862647424,"Pave","None","Reg","Lvl","AllPub","Othr","Gtl","Somerst","Norm","Norm","Othr","7","5",2000,2000,"Gable","CompShg","MetalSd","None",0,"Gd","TA","PConc","Gd","TA","No","GLQ","Unf",0,5.65685424949238,"GasA","Ex","Y","SBrkr",25.9422435421457,0,1,0,2,1,3,1,"Gd",6,"Typ",0,"None","Detchd",2000,22.1359436211787,"Y",12.369316876853,7.07106781186548,0,0,0,0,"None","None",0,4,2006,"WD","Normal",12.0137007528827
977,"Othr","RL",51,76.8114574786861,"Pave","None","IRG","Othr","AllPub","Inside","Gtl","Othr","Norm","Norm","1Fam","4","7",1923,1958,"Gable","CompShg","Wd Sdng","None",0,"TA","TA","PConc","Gd","TA","No","Unf","Unf",0,20.976176963403,"GasA","TA","Y","FuseA",29.4788059459674,0,0,0,1,0,2,1,"Othr",4,"Typ",0,"None","None",1931,0,"Y",0,0,0,0,0,0,"None","None",0,8,2006,"WD","Normal",11.3562716549249
978,"120","Othr",35,65.3758365147246,"Pave","Othr","IRG","Lvl","AllPub","Inside","Gtl","Somerst","Norm","Norm","TwnhsE","7","5",2006,2007,"Gable","CompShg","VinylSd","BrkFace",261.6724,"Gd","TA","PConc","Gd","TA","No","GLQ","Unf",0,11.6189500386223,"GasA","Ex","Y","SBrkr",35.2278299076171,0,1,0,1,1,1,1,"Gd",4,"Typ",0,"None","Attchd",2007,23.8537208837531,"Y",0,10.770329614269,0,0,0,0,"None","None",0,11,2007,"New","Partial",12.2055725204885
979,"20","RL",68,97.2111104761179,"Pave","None","Reg","Othr","AllPub","Inside","Othr","Edwards","Norm","Norm","1Fam","4","5",1954,1954,"Gable","CompShg","MetalSd","None",0,"TA","TA","CBlock","TA","TA","No","LwQ","Unf",0,18.4932420089069,"GasA","Ex","Y","SBrkr",29.8998327754521,0,0,0,1,0,3,1,"TA",5,"Typ",0,"None","Detchd",1999,20,"Y",0,0,0,0,0,0,"None","None",0,5,2007,"WD","Abnorml",11.6082356447746
980,"20","RL",80,93.893556754444,"Pave","None","Reg","Lvl","AllPub","Corner","Gtl","Sawyer","Feedr","Norm","1Fam","5","6",1963,1963,"Gable","CompShg","VinylSd","None",0,"TA","TA","PConc","TA","TA","No","Rec","Unf",0,21.6794833886788,"GasA","TA","Y","SBrkr",33.4813380855664,0,1,0,1,0,3,1,"TA",5,"Typ",0,"None","Detchd",1963,21.9089023002066,"Y",0,8.94427190999916,0,0,0,0,"MnPrv","None",0,6,2009,"WD","Normal",11.8422292121128
981,"Othr","RL",75.6795829949926,110.09995458673,"Pave","None","IRG","Lvl","AllPub","Corner","Gtl","NAmes","Norm","Norm","1Fam","7","Othr",1961,2007,"Gable","CompShg","Othr","Stone",210,"Othr","TA","CBlock","TA","TA","Av","ALQ","Unf",0,8.77496438739212,"GasA","Gd","Y","SBrkr",31.6069612585582,0,1,0,1,0,3,1,"Ex",6,"Typ",0,"None","Attchd",1961,24.2487113059643,"Y",12,8.71779788708135,0,0,0,0,"None","None",0,7,2008,"WD","Normal",12.091783499128
982,"60","RL",98,110.467189699023,"Pave","None","IRG","Lvl","AllPub","Corner","Gtl","Othr","Norm","Norm","1Fam","8","5",1998,1999,"Hip","CompShg","VinylSd","BrkFace",975,"Gd","TA","PConc","Gd","TA","No","GLQ","Unf",0,19.2613602842582,"GasA","Ex","Y","SBrkr",35.7211421989835,0,1,0,2,1,4,1,"Gd",8,"Typ",1,"TA","Attchd",1998,26,"Y",15.8113883008419,0,0,0,0,0,"None","None",0,7,2009,"WD","Normal",12.7248664389453
983,"20","RL",43,56.4092191046818,"Pave","None","Reg","Lvl","AllPub","Inside","Gtl","Othr","Norm","Norm","1Fam","7","5",2007,2007,"Gable","CompShg","VinylSd","BrkFace",16,"Gd","TA","PConc","Gd","TA","Av","Unf","Unf",0,35.5808937493144,"GasA","Ex","Y","SBrkr",35.5808937493144,0,0,0,2,0,2,1,"Gd",6,"Typ",1,"Gd","Attchd",2007,19.6977156035922,"Y",10,4,0,0,0,0,"None","None",0,3,2008,"WD","Normal",11.9822726287897
984,"60","RL",73.3840527106116,106.066017177982,"Pave","None","Reg","Lvl","AllPub","Corner","Gtl","CollgCr","Norm","Norm","1Fam","8","5",2002,2002,"Gable","CompShg","Othr","None",0,"Gd","TA","PConc","Gd","TA","Mn","Unf","Unf",0,33.5857112474933,"GasA","Ex","Y","SBrkr",33.8969025133566,0,0,0,2,1,4,1,"Gd",9,"Typ",1,"Gd","Attchd",2002,27.9105714739057,"Y",0,0,0,0,0,0,"None","None",0,5,2008,"WD","Normal",12.4525420221479
985,"Othr","RL",75,100.623058987491,"Pave","None","Reg","Lvl","AllPub","Inside","Gtl","Othr","Norm","Norm","Othr","5","5",1977,1977,"Gable","CompShg","Plywood","None",0,"TA","TA","CBlock","Othr","Othr","Othr","Othr","Othr",0,0,"GasA","TA","Y","SBrkr",36.0832371053374,0,0,0,2,0,4,2,"Gd",8,"Typ",0,"None","Attchd",1977,23.2163735324878,"Y",0,0,0,0,0,0,"None","None",0,8,2009,"Othr","Normal",11.7440371859336
986,"Othr","RL",68,104.307238483242,"Pave","None","Reg","Lvl","AllPub","Inside","Gtl","Edwards","Norm","Norm","Othr","5","5",1950,1950,"Gable","CompShg","MetalSd","None",0,"TA","TA","CBlock","TA","TA","No","ALQ","Unf",0,11.13552872566,"Othr","TA","N","SBrkr",34.117444218464,0,1,0,1,0,3,1,"TA",5,"Typ",0,"None","Detchd",1950,15.4919333848297,"Y",0,6.92820323027551,0,0,0,0,"None","None",0,8,2008,"Othr","Normal",11.7360690162844
987,"50","RM",59,72.8697468089467,"Pave","None","Reg","Lvl","AllPub","Corner","Gtl","OldTown","Feedr","Norm","1Fam","6","Othr",1910,2003,"Hip","CompShg","VinylSd","None",0,"TA","Gd","CBlock","TA","Othr","No","Unf","Unf",0,22.0227155455452,"GasA","Gd","Y","SBrkr",31.6385840391128,0,0,0,1,0,2,1,"Gd",5,"Typ",0,"None","Attchd",1950,15.9687194226713,"Y",19.8494332412792,0,0,0,0,0,"None","None",0,6,2006,"WD","Normal",11.6699292137799
988,"20","RL",83,100.79186475108,"Pave","None","IRG","Lvl","AllPub","Inside","Gtl","NridgHt","Norm","Norm","1Fam","Othr","5",2009,2010,"Hip","CompShg","VinylSd","Stone",450,"Othr","TA","PConc","Ex","TA","Av","GLQ","Unf",0,16.8522995463527,"GasA","Ex","Y","SBrkr",44.0454310910905,0,1,0,2,1,3,1,"Ex",8,"Typ",1,"Gd","Attchd",2010,24.6170672501823,"Y",12.9614813968157,9.74679434480896,0,0,0,0,"None","None",0,4,2010,"New","Partial",12.887127001736
989,"60","RL",75.4795138417667,109.754270987511,"Pave","None","IRG","Lvl","AllPub","Inside","Gtl","Othr","Norm","Norm","1Fam","6","6",1976,1976,"Gable","CompShg","Plywood","BrkFace",298,"TA","TA","CBlock","TA","TA","No","LwQ","Unf",0,26.3058928759318,"GasA","TA","Y","SBrkr",33.436506994601,0,0,0,2,1,4,1,"Gd",8,"Typ",1,"TA","Attchd",1976,23.473389188611,"Y",0,14.9666295470958,0,0,0,0,"None","None",0,6,2007,"WD","Normal",12.1807548375459
990,"60","Othr",65,90.1387818865997,"Pave","None","Reg","Lvl","AllPub","Inside","Gtl","Somerst","Norm","Norm","1Fam","7","5",2006,2006,"Gable","CompShg","VinylSd","None",0,"Gd","TA","PConc","Gd","Othr","No","Unf","Unf",0,27.7488738510232,"GasA","Ex","Y","SBrkr",27.8926513619627,0,0,0,2,1,3,1,"Gd",6,"Typ",0,"None","Attchd",2006,24.7790233867277,"Y",0,7.07106781186548,0,0,0,0,"None","None",0,8,2006,"New","Partial",12.1909590077201
991,"60","RL",82,97.2213968218931,"Pave","None","Reg","Lvl","AllPub","Inside","Gtl","Othr","Norm","Norm","1Fam","8","5",1997,1998,"Gable","CompShg","VinylSd","BrkFace",423,"Gd","TA","PConc","Gd","TA","No","GLQ","Unf",0,17.9443584449264,"GasA","Ex","Y","SBrkr",37.5099986670221,0,1,0,2,1,3,1,"Gd",7,"Typ",1,"TA","Attchd",1997,29.4957624075053,"Y",0,8.36660026534076,0,0,0,0,"None","None",0,6,2006,"WD","Normal",12.7599577587566
992,"Othr","RM",121,132.932313603578,"Pave","Othr","Reg","Lvl","AllPub","Corner","Gtl","OldTown","Othr","Norm","1Fam","8","Othr",1882,1986,"Gable","CompShg","Wd Sdng","None",0,"Gd","Gd","BrkTil","TA","TA","No","BLQ","Unf",0,26.4575131106459,"GasA","Gd","Y","SBrkr",30.2654919008431,0,0,0,1,1,4,1,"Gd",8,"Typ",1,"Gd","Attchd",1925,20.591260281974,"Othr",0,13,0,0,0,0,"None","None",0,11,2009,"WD","Normal",12.0317192583854
993,"60","RL",80,98.7927122818277,"Pave","None","Reg","Lvl","AllPub","Inside","Othr","NAmes","Norm","Norm","1Fam","6","Othr",1964,1993,"Hip","CompShg","Wd Sdng","BrkFace",340,"TA","TA","CBlock","TA","TA","Gd","BLQ","Othr",10.816653826392,13,"GasA","Gd","Y","SBrkr",31.9374388453426,0,0,0,2,1,3,1,"Gd",7,"Typ",1,"Othr","Attchd",1964,20.976176963403,"Y",15.4596248337403,6.48074069840786,0,0,0,0,"Othr","None",0,7,2007,"WD","Normal",12.1388638958367
994,"60","RL",68,94.05317644822,"Pave","None","Reg","Lvl","AllPub","Inside","Gtl","CollgCr","Norm","Norm","1Fam","6","5",2005,2006,"Gable","CompShg","VinylSd","None",0,"TA","TA","PConc","Gd","TA","No","Unf","Unf",0,27.3861278752583,"GasA","Ex","Y","SBrkr",27.3861278752583,0,0,0,2,1,3,1,"Gd",6,"Typ",0,"None","Attchd",2005,23.7486841740758,"Y",0,5.91607978309962,0,0,0,0,"None","None",0,8,2006,"New","Partial",12.0662357003424
995,"20","RL",96,111.60645142643,"Pave","None","Reg","Lvl","AllPub","Othr","Gtl","NridgHt","Norm","Norm","1Fam","Othr","5",2006,2007,"Hip","CompShg","Othr","Stone",230,"Othr","TA","PConc","Ex","TA","Gd","GLQ","Unf",0,22.9782505861521,"GasA","Ex","Y","SBrkr",41.4487635521254,0,1,0,2,0,3,1,"Ex",7,"Typ",1,"Gd","Attchd",2008,28.0356915377524,"Y",14.6969384566991,6.92820323027551,0,0,0,0,"None","None",0,7,2009,"WD","Normal",12.7293207892947
996,"50","RL",51,68.644009206922,"Pave","None","IRG","Lvl","AllPub","Inside","Othr","Othr","Feedr","Norm","1Fam","4","7",1946,1950,"Gable","CompShg","MetalSd","None",0,"TA","TA","CBlock","TA","TA","No","ALQ","Unf",0,19.0525588832576,"GasA","TA","Y","SBrkr",27.8208554864871,0,1,0,1,1,3,1,"TA",5,"Typ",0,"None","Detchd",1946,17.464249196573,"Y",0,7.54983443527075,0,0,63,0,"MnPrv","None",0,8,2006,"WD","Abnorml",11.7084922485142
997,"20","RL",71.8282517953946,103.242433136768,"Pave","None","IRG","Lvl","AllPub","Inside","Gtl","NAmes","Norm","Norm","1Fam","5","6",1961,1961,"Hip","CompShg","Wd Sdng","None",0,"TA","TA","CBlock","TA","TA","No","Rec","Unf",0,11.6189500386223,"GasA","TA","Y","SBrkr",32.4037034920393,0,1,0,1,0,3,1,"TA",6,"Typ",0,"None","Attchd",1961,19.1833260932509,"Y",0,17.8605710994918,0,0,0,0,"None","None",0,1,2006,"Othr","Normal",11.8240798936072
998,"20","RL",74.6134250074073,108.245092267502,"Pave","None","IRG","Lvl","AllPub","Inside","Gtl","Othr","Othr","Norm","1Fam","6","6",1970,1970,"Hip","CompShg","HdBoard","BrkFace",571,"TA","TA","CBlock","TA","TA","No","Unf","Unf",0,37.973675092095,"GasA","TA","Y","SBrkr",37.973675092095,0,0,0,2,0,2,1,"TA",6,"Typ",1,"TA","Attchd",1970,24.7991935352745,"Y",19.2613602842582,0,0,0,0,0,"None","None",0,2,2009,"WD","Normal",12.1281111040605
999,"Othr","RM",60,98.9242134161298,"Pave","None","Reg","Lvl","AllPub","Inside","Gtl","Othr","Norm","Norm","1Fam","Othr","Othr",1922,1950,"Hip","CompShg","Wd Sdng","None",0,"TA","TA","BrkTil","TA","Othr","No","Unf","Unf",0,31.7332633052449,"GasA","Othr","N","SBrkr",32.8176781628439,0,0,0,1,0,3,1,"TA",6,"Typ",1,"Gd","Detchd",1922,14.4913767461894,"Othr",0,10,48,0,0,0,"None","None",0,5,2006,"WD","Normal",11.418614785499
1000,"20","RL",64,82.2313808712951,"Pave","None","Reg","Lvl","AllPub","Inside","Gtl","CollgCr","Norm","Norm","1Fam","7","5",2006,2006,"Gable","CompShg","VinylSd","Stone",24,"Gd","TA","PConc","Gd","TA","Av","GLQ","Unf",0,22.3830292855994,"GasA","Ex","Y","SBrkr",34.7562943939655,0,1,0,2,0,2,1,"Gd",6,"Typ",0,"None","Attchd",2006,25.1396101799531,"Y",10.2469507659596,7.81024967590665,0,0,0,0,"None","None",0,2,2010,"WD","Normal",12.2356314477717
1001,"20","RL",74,101.024749442896,"Pave","None","Reg","Lvl","AllPub","Corner","Gtl","Edwards","Norm","Norm","1Fam","Othr","Othr",1952,1952,"Othr","Othr","Othr","None",0,"TA","TA","Othr","Othr","Othr","Othr","Othr","Othr",0,0,"Othr","Othr","N","Othr",30.7245829914744,0,0,0,1,0,2,1,"Othr",4,"Othr",0,"None","Detchd",1956,22.9782505861521,"Y",0,0,0,0,0,0,"None","None",0,7,2009,"WD","Normal",11.3144745262464
1002,"Othr","RL",60,73.4846922834953,"Pave","None","Reg","Lvl","AllPub","Corner","Gtl","OldTown","Norm","Norm","1Fam","5","6",1920,1950,"Gable","CompShg","Wd Sdng","None",0,"TA","TA","BrkTil","Othr","TA","No","Unf","Unf",0,26.2868788561898,"GasA","Ex","Y","FuseA",26.2868788561898,0,0,0,1,0,2,1,"Ex",4,"Typ",0,"None","Detchd",1920,14.6969384566991,"N",0,4.47213595499958,94,0,0,0,"None","None",0,1,2007,"WD","Abnorml",11.3621025752356
1003,"20","RL",75,109.348068112793,"Pave","None","IRG","Lvl","AllPub","Inside","Gtl","Somerst","Othr","Norm","1Fam","8","5",2006,2006,"Gable","CompShg","VinylSd","BrkFace",53,"Gd","TA","PConc","Gd","TA","No","GLQ","Unf",0,39.3700393700591,"GasA","Ex","Y","SBrkr",39.6736688497547,0,0,0,2,0,3,1,"Gd",7,"Typ",1,"Gd","Attchd",2006,28.7054001888146,"Y",12,10.1980390271856,0,0,0,0,"None","None",0,7,2008,"WD","Normal",12.3544926506484
1004,"Othr","RL",74.0421749251703,107.238052947636,"Pave","None","IRG","Lvl","AllPub","Corner","Gtl","Othr","Feedr","Othr","Othr","5","6",1976,1976,"Gable","CompShg","VinylSd","BrkFace",164,"TA","TA","CBlock","TA","TA","No","Unf","Unf",0,40.9878030638384,"GasA","Othr","Y","SBrkr",40.9878030638384,0,0,0,2,0,4,2,"TA",8,"Typ",0,"None","Detchd",1976,22.9782505861521,"Y",0,0,0,0,0,0,"None","None",0,6,2007,"WD","Normal",11.8270425336191
1005,"120","RL",43,56.4092191046818,"Pave","None","Reg","Lvl","AllPub","Inside","Gtl","Othr","Norm","Norm","TwnhsE","7","5",2005,2006,"Gable","CompShg","VinylSd","BrkFace",16,"Gd","TA","PConc","Gd","TA","No","GLQ","Unf",0,36.4691650576209,"GasA","Ex","Y","SBrkr",38.7814388593306,0,0,0,2,0,1,1,"Gd",7,"Typ",1,"Gd","Attchd",2005,21.3775583264319,"Y",12.4899959967968,0,0,0,0,0,"None","None",0,5,2009,"WD","Normal",12.106252310248
1006,"Othr","RL",65,91.5696456256111,"Pave","None","Reg","Lvl","AllPub","Inside","Gtl","CollgCr","Norm","Norm","1Fam","5","Othr",1977,1977,"Gable","CompShg","HdBoard","BrkFace",220,"Gd","TA","CBlock","Gd","Othr","Av","GLQ","Unf",0,19.7484176581315,"GasA","TA","Y","SBrkr",31.3847096529504,0,0,0,2,0,3,1,"TA",6,"Typ",0,"None","Attchd",1977,18.1107702762748,"Y",14.4913767461894,0,0,0,0,0,"None","None",0,11,2008,"WD","Normal",11.9177236840907
1007,"20","RL",75.7664551273143,110.249716552924,"Pave","None","IRG","Lvl","AllPub","Inside","Gtl","NAmes","Othr","Norm","1Fam","6","Othr",1970,1970,"Gable","CompShg","Plywood","None",0,"TA","TA","CBlock","Gd","TA","No","LwQ","Unf",0,20.4939015319192,"GasA","Gd","Y","SBrkr",40.7062648740952,0,0,1,2,0,3,1,"TA",7,"Typ",1,"TA","Attchd",1970,22,"Y",0,0,0,0,147,0,"None","None",0,3,2007,"WD","Normal",12.0045682693194
1008,"Othr","RM",21,47.0850294679742,"Pave","None","Reg","Lvl","AllPub","Inside","Gtl","Othr","Norm","Norm","TwnhsE","4","Othr",1970,1970,"Gable","CompShg","Othr","None",0,"TA","TA","CBlock","TA","TA","No","BLQ","Othr",16.5227116418583,0,"GasA","TA","Y","SBrkr",23.3666428910958,0,0,0,1,1,3,1,"TA",6,"Typ",0,"None","Attchd",1970,16.9115345252878,"Y",15.4272486205415,0,0,0,0,0,"None","None",0,8,2009,"WD","Normal",11.3850920934603
1009,"20","RL",43,110.08178777618,"Pave","None","IRG","Lvl","AllPub","CulDSac","Gtl","Othr","Norm","Norm","1Fam","7","5",2004,2005,"Hip","CompShg","VinylSd","Stone",108,"Gd","TA","PConc","Ex","TA","Mn","Unf","Unf",0,41.3521462562707,"GasA","Ex","Y","SBrkr",41.3521462562707,0,0,0,2,0,3,1,"Gd",7,"Typ",1,"Gd","Attchd",2004,23.4520787991171,"Y",10,6.92820323027551,0,0,180,0,"None","None",0,4,2009,"WD","Normal",12.3883942023241
1010,"50","RL",60,77.4596669241483,"Pave","None","Reg","Lvl","AllPub","Inside","Gtl","Othr","Norm","Norm","1Fam","5","5",1926,1950,"Gable","CompShg","Wd Sdng","None",0,"TA","Othr","BrkTil","TA","TA","No","Unf","Unf",0,31.7490157327751,"GasA","Ex","Y","SBrkr",31.7490157327751,514,0,0,2,0,4,1,"TA",7,"Typ",0,"None","None",1969,0,"Othr",0,0,138,0,0,0,"None","None",0,6,2006,"WD","Normal",11.5327280922664
1011,"50","RL",115,145.897224099707,"Pave","None","Reg","Lvl","AllPub","Inside","Gtl","Sawyer","Norm","Norm","1Fam","5","5",1948,1950,"Gable","CompShg","Wd Sdng","None",0,"TA","TA","CBlock","TA","TA","No","Unf","Unf",0,26.8328157299975,"GasA","TA","Y","SBrkr",26.8328157299975,0,0,0,2,0,4,1,"TA",7,"Typ",1,"Gd","Attchd",1948,17.6635217326557,"Y",0,0,108,0,0,0,"None","None",0,8,2008,"WD","Normal",11.8130300574206
1012,"Othr","RL",75,99.121138007995,"Pave","None","Reg","Lvl","AllPub","Inside","Gtl","Edwards","Norm","Norm","Othr","5","5",1965,1965,"Hip","CompShg","Othr","None",0,"TA","TA","CBlock","Othr","Othr","Othr","Othr","Othr",0,0,"GasA","TA","N","SBrkr",40.7921561087423,0,0,0,2,0,4,2,"TA",8,"Typ",0,"None","None",1951,0,"Y",0,0,0,0,0,0,"None","None",0,5,2010,"WD","Normal",11.5129254649702
1013,"Othr","RL",55,102.917442642149,"Pave","None","Reg","Lvl","AllPub","Inside","Gtl","Othr","Norm","Norm","1Fam","6","7",1923,1996,"Hip","CompShg","Wd Sdng","None",0,"TA","Gd","PConc","TA","Othr","No","Unf","Unf",0,24.5356882927706,"GasA","TA","Y","SBrkr",30,0,0,0,1,1,3,1,"Gd",7,"Typ",2,"TA","Detchd",1923,13.4164078649987,"Y",9.79795897113271,0,112,0,53,0,"None","None",0,8,2007,"WD","Normal",12.0137007528827
1014,"Othr","RM",60,84.8528137423857,"Pave","None","Reg","Lvl","AllPub","Inside","Gtl","OldTown","Norm","Norm","1Fam","5","Othr",1910,2006,"Hip","CompShg","MetalSd","None",0,"TA","TA","BrkTil","TA","TA","No","ALQ","Othr",21.5638586528478,17.606816861659,"Othr","TA","N","SBrkr",31.9687347262916,0,1,0,1,0,2,1,"TA",4,"Othr",0,"None","Detchd",1956,16.7332005306815,"Y",0,5.47722557505166,226,0,0,0,"None","None",0,6,2009,"WD","Normal",11.3504065354725
1015,"20","RL",60,108,"Pave","None","Reg","Lvl","AllPub","Inside","Gtl","NAmes","Othr","Norm","1Fam","6","5",1948,1950,"Gable","CompShg","MetalSd","BrkFace",206,"TA","TA","CBlock","TA","Othr","No","BLQ","Unf",0,27.3130005674953,"GasA","TA","Y","SBrkr",32.8937684067971,0,0,0,1,0,2,1,"TA",5,"Typ",1,"Gd","Detchd",1948,15.4919333848297,"Y",0,11.4017542509914,0,0,0,0,"None","None",0,11,2007,"WD","Normal",11.6885580336134
1016,"60","RL",70,91.6515138991168,"Pave","None","Reg","Lvl","AllPub","Inside","Gtl","Othr","Norm","Norm","1Fam","8","6",2001,2001,"Gable","CompShg","VinylSd","None",0,"Gd","TA","PConc","Gd","TA","No","GLQ","Unf",0,12.9228479833201,"GasA","Ex","Y","SBrkr",28.4604989415154,0,1,0,2,1,3,1,"Gd",6,"Typ",0,"None","Attchd",2001,22.9782505861521,"Y",0,6.70820393249937,0,0,0,0,"None","None",0,11,2009,"WD","Normal",12.3327052964635
1017,"20","RL",73,109.009173925867,"Pave","None","Reg","Lvl","AllPub","Inside","Gtl","CollgCr","Norm","Norm","1Fam","7","5",1996,1996,"Hip","CompShg","VinylSd","BrkFace",196,"Gd","TA","PConc","Gd","TA","Gd","GLQ","Unf",0,28.5306852353742,"GasA","Ex","Y","SBrkr",38.7814388593306,0,1,0,2,0,3,1,"Gd",6,"Typ",1,"TA","Attchd",1996,21.8632111090754,"Y",10.7238052947636,8.12403840463596,0,0,0,0,"None","None",0,6,2009,"WD","Normal",12.2209612580239
1018,"120","RL",59.0738432772455,76.249590162833,"Pave","None","IRG","Lvl","AllPub","CulDSac","Gtl","Othr","Norm","Norm","TwnhsE","8","5",1984,1984,"Gable","CompShg","HdBoard","None",0,"Gd","TA","CBlock","Gd","TA","Av","GLQ","Unf",0,13.5646599662505,"GasA","Gd","Y","SBrkr",36.8781778291715,0,1,0,1,0,1,1,"Gd",4,"Typ",1,"Othr","Attchd",1984,23.7697286480094,"Y",7.93725393319377,0,0,0,0,0,"None","None",0,8,2009,"Othr","Abnorml",12.1415341243926
1019,"Othr","RL",72.157312902674,103.846039885977,"Pave","None","IRG","Lvl","AllPub","Othr","Gtl","Gilbert","Norm","Norm","1Fam","7","5",1991,1992,"Gable","CompShg","HdBoard","BrkFace",76,"Gd","TA","PConc","Gd","TA","No","Unf","Unf",0,19.5959179422654,"GasA","Gd","Y","SBrkr",28.3196045170126,0,0,0,2,1,3,1,"Gd",7,"Typ",1,"TA","Attchd",1991,20.0499376557634,"Y",12.8062484748657,0,0,0,0,0,"None","None",0,5,2007,"WD","Normal",11.982929094216
1020,"120","RL",43,54.8908006864538,"Pave","None","Reg","Lvl","AllPub","Inside","Gtl","Othr","Norm","Norm","TwnhsE","7","5",2005,2005,"Gable","CompShg","VinylSd","BrkFace",145,"Gd","TA","PConc","Gd","TA","Gd","GLQ","Unf",0,36.6878726556883,"GasA","Ex","Y","SBrkr",38.8072158238645,0,0,0,2,0,2,1,"Gd",6,"Typ",1,"Gd","Attchd",2005,20.976176963403,"Y",11.916375287813,4.47213595499958,0,0,0,0,"None","None",0,4,2006,"WD","Normal",12.2713452721464
1021,"20","RL",60,83.8093073590279,"Pave","None","Reg","Lvl","AllPub","Inside","Gtl","Edwards","Norm","Norm","1Fam","4","5",2005,2005,"Gable","CompShg","VinylSd","None",0,"TA","TA","PConc","Gd","TA","No","GLQ","Unf",0,10.3923048454133,"GasA","Ex","Y","SBrkr",33.6452076825214,0,1,0,1,1,2,1,"Gd",5,"Typ",0,"None","Attchd",2005,21.2367605815953,"Y",15.8745078663875,8,0,0,0,0,"None","None",0,6,2008,"WD","Normal",12.0782392740203
1022,"20","RL",64,86.0581198958007,"Pave","None","Reg","Lvl","AllPub","Inside","Gtl","CollgCr","Norm","Norm","1Fam","7","5",2006,2006,"Gable","CompShg","VinylSd","Stone",84,"Gd","TA","PConc","Gd","TA","Av","GLQ","Unf",0,22.6936114358204,"GasA","Ex","Y","SBrkr",34.928498393146,0,1,0,2,0,2,1,"Gd",6,"Typ",0,"None","Attchd",2006,25.1396101799531,"Y",10.2469507659596,7.34846922834953,0,0,0,0,"None","None",0,7,2006,"New","Partial",12.1756134380455
1023,"50","RM",52,97.1545161070755,"Pave","None","Reg","Lvl","AllPub","Inside","Gtl","OldTown","Norm","Norm","1Fam","5","5",1930,1950,"Gable","CompShg","Wd Sdng","None",0,"TA","TA","CBlock","TA","TA","No","LwQ","Unf",0,24.2487113059643,"GasA","Gd","Y","FuseA",30.199337741083,0,0,0,1,0,2,1,"TA",6,"Typ",0,"None","Detchd",1957,12.6491106406735,"Y",0,0,192,0,0,0,"None","None",0,3,2007,"WD","Normal",11.3736633976367
1024,"120","RL",43,56.4092191046818,"Pave","None","Reg","Lvl","AllPub","Inside","Gtl","Othr","Norm","Norm","TwnhsE","7","5",2005,2006,"Gable","CompShg","VinylSd","BrkFace",14,"Gd","TA","PConc","Gd","Othr","No","GLQ","Unf",0,36.4691650576209,"GasA","Ex","Y","SBrkr",38.7814388593306,0,0,0,2,0,2,1,"Gd",7,"Typ",1,"Gd","Attchd",2005,20.9045449603669,"Y",12.4899959967968,4.47213595499958,0,0,0,0,"None","None",0,5,2008,"WD","Normal",12.1600287070288
1025,"20","RL",84.5668653803943,124.490963527479,"Pave","None","IRG","Lvl","AllPub","Corner","Gtl","Othr","Norm","Norm","1Fam","8","6",1976,1976,"Hip","Othr","Othr","None",0,"Gd","TA","CBlock","Gd","TA","Av","ALQ","Othr",20,0,"GasA","TA","Y","SBrkr",53.8330753347791,0,1,0,2,0,2,1,"Gd",10,"Typ",1,"Gd","Attchd",1976,25.7875939164553,"Y",0,8.48528137423857,174,0,0,0,"None","None",0,5,2008,"Othr","Abnorml",12.5672374947418
1026,"20","RL",70,87.7496438739212,"Pave","None","Reg","Lvl","AllPub","Corner","Gtl","CollgCr","Norm","Norm","1Fam","5","5",1972,1972,"Gable","CompShg","VinylSd","None",0,"TA","TA","CBlock","TA","TA","No","LwQ","Othr",21.6333076527839,16.6132477258361,"GasA","TA","Y","SBrkr",29.698484809835,0,1,0,1,0,3,1,"TA",5,"Typ",0,"None","Detchd",1980,21.4709105535839,"Y",9.79795897113271,0,0,0,0,0,"MnPrv","None",0,3,2007,"WD","Normal",11.6307085006266
1027,"20","RL",73,96.4365076099295,"Pave","None","Reg","Lvl","AllPub","Inside","Gtl","NAmes","Feedr","Norm","1Fam","5","5",1960,1960,"Gable","CompShg","MetalSd","BrkFace",324,"TA","TA","CBlock","TA","TA","No","Rec","Unf",0,23.895606290697,"GasA","TA","Y","SBrkr",35.5527776692624,0,1,0,1,0,3,1,"TA",6,"Typ",2,"Gd","Attchd",1960,21.4709105535839,"Y",0,0,0,0,143,0,"None","None",0,4,2010,"WD","Normal",12.0287386302473
1028,"20","RL",71,97.5704873412037,"Pave","None","IRG","Othr","AllPub","Inside","Gtl","Othr","Norm","Norm","1Fam","8","5",2007,2008,"Gable","CompShg","VinylSd","Stone",338,"Gd","TA","PConc","Gd","TA","Gd","GLQ","Unf",0,11.1803398874989,"GasA","Ex","Y","SBrkr",40.5709255502016,0,1,0,2,0,3,1,"Gd",7,"Typ",1,"Gd","Attchd",2008,28.2842712474619,"Y",13.856406460551,6.6332495807108,0,0,0,0,"None","None",0,4,2008,"New","Partial",12.5881906521085
1029,"50","RL",79,97.4268956705488,"Pave","None","Reg","Lvl","AllPub","Inside","Gtl","NAmes","Othr","Norm","1Fam","5","5",1941,1950,"Gable","CompShg","Othr","None",0,"TA","TA","CBlock","TA","TA","No","Rec","Othr",6.40312423743285,18.9472953214964,"GasA","TA","Y","SBrkr",31.1126983722081,0,1,0,1,0,3,1,"TA",6,"Typ",1,"Gd","Attchd",1941,15.4919333848297,"Y",0,0,0,0,0,0,"None","None",0,4,2007,"WD","Normal",11.5617156291397
1030,"Othr","RM",21,40.9878030638384,"Pave","None","Reg","Lvl","AllPub","Inside","Gtl","Othr","Norm","Norm","Othr","6","7",1972,1972,"Gable","CompShg","HdBoard","BrkFace",281,"TA","TA","CBlock","TA","TA","No","BLQ","Unf",0,18.8414436814168,"GasA","Gd","Y","SBrkr",25.9229627936314,0,0,1,1,1,3,1,"TA",7,"Typ",0,"None","Detchd",1972,16.2480768092719,"Y",0,5.29150262212918,0,0,0,0,"None","None",0,5,2006,"WD","Normal",11.6784399034478
1031,"Othr","Othr",62.4118391494876,84.154619599877,"Pave","None","Reg","Lvl","AllPub","Inside","Gtl","Othr","Norm","Norm","Othr","5","Othr",1916,1995,"Gable","CompShg","VinylSd","None",0,"TA","TA","PConc","TA","TA","Mn","Unf","Unf",0,26.1916017074176,"GasA","Gd","Y","SBrkr",30.7896086366813,0,0,0,2,0,5,2,"TA",10,"Typ",0,"None","None",1938,0,"N",0,0,228,0,0,0,"None","None",0,7,2006,"WD","Normal",11.982929094216
1032,"Othr","RL",102,125.948402133572,"Pave","None","Reg","Lvl","AllPub","Corner","Gtl","Othr","Norm","Norm","1Fam","7","Othr",1920,1970,"Gable","CompShg","Wd Sdng","None",0,"TA","TA","BrkTil","TA","TA","No","GLQ","Unf",0,17.3493515728975,"GasA","Ex","Y","SBrkr",41.0731055558257,397,1,0,2,1,5,1,"TA",12,"Typ",2,"TA","Othr",1970,25.9229627936314,"Y",11.6619037896906,7.93725393319377,0,0,0,0,"None","None",0,8,2009,"WD","Normal",12.1909590077201
1033,"60","RL",82.0475735430633,120.58606884711,"Pave","None","IRG","Lvl","AllPub","Corner","Gtl","Othr","Norm","Norm","1Fam","8","7",1993,1993,"Gable","CompShg","MetalSd","None",0,"Gd","Gd","PConc","Gd","Othr","No","GLQ","Unf",0,18.0554700852678,"GasA","Ex","Y","SBrkr",36.7695526217005,0,1,0,2,1,5,1,"Gd",10,"Typ",1,"TA","Attchd",1993,28.2134719593318,"Y",14.456832294801,7.41619848709566,0,0,0,0,"None","None",0,11,2006,"WD","Abnorml",12.6443275764613
1034,"20","RL",65.1575250286268,90.1387818865997,"Pave","None","Reg","Lvl","AllPub","Inside","Gtl","CollgCr","Norm","Norm","1Fam","7","5",2002,2002,"Gable","CompShg","VinylSd","Stone",295,"Gd","TA","PConc","Gd","TA","No","GLQ","Unf",0,25.8456959666402,"GasA","Ex","Y","SBrkr",40.6693988153255,0,1,0,2,0,3,1,"Gd",6,"Typ",0,"None","Attchd",2002,30,"Y",0,11.6619037896906,0,0,0,0,"None","None",0,2,2006,"WD","Normal",12.3458345879053
1035,"Othr","RL",50,79.4040301244213,"Pave","None","Reg","Othr","AllPub","Inside","Gtl","Othr","Norm","Norm","1Fam","5","7",1938,1950,"Gable","CompShg","MetalSd","None",0,"TA","Gd","PConc","Othr","Othr","No","Unf","Unf",0,30.3315017762062,"GasA","Ex","Y","SBrkr",30.886890422961,0,0,0,1,0,2,1,"Othr",5,"Typ",1,"Gd","Othr",1938,15.4919333848297,"Y",0,0,0,0,0,0,"MnPrv","None",0,6,2007,"WD","Normal",11.6931615152732
1036,"20","RL",74.0421749251703,107.238052947636,"Pave","None","IRG","Lvl","AllPub","CulDSac","Gtl","Edwards","Norm","Norm","1Fam","4","Othr",1957,1957,"Gable","CompShg","Wd Sdng","None",0,"TA","Gd","Othr","Othr","Othr","Othr","Othr","Othr",0,0,"GasA","Ex","N","SBrkr",29.0688837074973,0,0,0,1,0,3,1,"TA",5,"Typ",0,"None","Detchd",1957,17.0293863659264,"N",13.6381816969859,0,0,0,0,0,"None","None",0,1,2009,"WD","Normal",11.3385720778255
1037,"20","RL",89,113.569362065656,"Pave","None","IRG","Othr","AllPub","Inside","Gtl","Othr","Norm","Norm","1Fam","Othr","5",2007,2008,"Hip","CompShg","VinylSd","Stone",70,"Gd","TA","PConc","Ex","TA","Gd","GLQ","Unf",0,24.454038521275,"GasA","Ex","Y","SBrkr",40.2492235949962,0,1,0,2,0,2,1,"Ex",6,"Typ",1,"Othr","Attchd",2008,30.199337741083,"Y",15.0996688705415,0,0,0,0,0,"None","None",0,9,2009,"WD","Normal",12.6619139609634
1038,"60","RL",68.092750105559,96.1249187255833,"Pave","None","Reg","Lvl","AllPub","Inside","Gtl","CollgCr","Norm","Norm","1Fam","8","5",2001,2002,"Gable","CompShg","VinylSd","BrkFace",396,"Gd","TA","PConc","Gd","TA","No","Unf","Unf",0,32.4807635378234,"GasA","Ex","Y","SBrkr",32.4807635378234,0,0,0,2,1,3,1,"Gd",7,"Typ",1,"TA","BuiltIn",2001,30.0832179129826,"Y",0,6.70820393249937,0,0,189,0,"None","None",0,9,2008,"WD","Normal",12.5672374947418
1039,"Othr","RM",21,39.1535439009038,"Pave","None","Reg","Lvl","AllPub","Inside","Gtl","Othr","Norm","Norm","Othr","4","6",1970,2008,"Gable","CompShg","Othr","None",0,"TA","TA","CBlock","TA","TA","No","Unf","Unf",0,23.3666428910958,"GasA","TA","Y","SBrkr",28.2488937836511,0,0,0,1,1,3,1,"TA",6,"Typ",1,"TA","None",1976,0,"Y",0,0,0,0,0,0,"None","None",0,5,2009,"WD","Normal",11.4824662574855
1040,"Othr","RM",21,38.4317577011513,"Pave","None","Reg","Lvl","AllPub","Inside","Gtl","Othr","Norm","Norm","TwnhsE","4","Othr",1970,1970,"Gable","CompShg","Othr","None",0,"TA","TA","CBlock","Gd","TA","Av","GLQ","Unf",0,11,"GasA","TA","Y","SBrkr",25.0998007960223,0,1,0,1,0,1,1,"TA",3,"Typ",0,"None","Attchd",1970,16.9115345252878,"Y",0,0,0,0,0,0,"None","None",0,4,2009,"WD","Normal",11.289781913656
1041,"20","RL",88,114.564392373896,"Pave","None","Reg","Lvl","AllPub","Corner","Gtl","Sawyer","Norm","Norm","1Fam","5","Othr",1957,2000,"Gable","CompShg","Wd Sdng","None",67,"TA","TA","CBlock","TA","TA","No","Rec","Othr",26.1151297144012,16.8522995463527,"GasA","Ex","Y","SBrkr",42.4617474911243,0,1,0,2,0,3,1,"TA",8,"Othr",1,"TA","Attchd",1957,22,"Y",0,0,0,0,0,0,"Othr","None",0,1,2006,"WD","Normal",11.9511803959014
1042,"60","RL",67.8031763311531,95.55103348473,"Pave","None","Reg","Lvl","AllPub","Inside","Gtl","Othr","Feedr","Norm","1Fam","6","Othr",1966,2000,"Hip","CompShg","HdBoard","BrkFace",252,"TA","TA","CBlock","TA","TA","No","GLQ","Othr",8,18.3303027798234,"GasA","Gd","Y","SBrkr",28.2842712474619,0,0,1,1,1,4,1,"Gd",7,"Typ",0,"None","Attchd",1966,22,"Y",0,6.32455532033676,0,0,0,0,"None","None",0,7,2008,"WD","Normal",12.0610468734799
1043,"120","RL",34,73.3552997403732,"Pave","None","IRG","Lvl","AllPub","Inside","Gtl","NridgHt","Norm","Norm","Othr","6","5",2005,2005,"Gable","CompShg","VinylSd","Stone",135,"Gd","TA","PConc","Gd","TA","Av","ALQ","Unf",0,20.1494416796099,"GasA","Ex","Y","SBrkr",36.1386219991853,0,1,0,2,0,1,1,"Gd",5,"Typ",1,"Gd","Attchd",2005,24.9799919935936,"Y",13.0384048104053,7.93725393319377,0,0,0,0,"None","None",0,8,2009,"WD","Normal",12.1858699382127
1044,"60","RL",86,108.807168881467,"Pave","None","Reg","Lvl","AllPub","Inside","Gtl","Othr","Norm","Norm","1Fam","7","5",1990,1990,"Hip","CompShg","HdBoard","BrkFace",99,"TA","TA","PConc","Gd","TA","No","GLQ","Unf",0,19.7484176581315,"GasA","Ex","Y","SBrkr",39.1407715815619,0,1,0,2,1,4,1,"Gd",10,"Typ",1,"Othr","Attchd",1990,22.6715680975093,"Y",13.856406460551,11,0,0,0,0,"None","None",0,5,2008,"WD","Normal",12.4771679143776
1045,"20","RL",80,97.9795897113271,"Pave","None","Reg","Lvl","AllPub","Inside","Gtl","Othr","Othr","Norm","1Fam","8","5",1981,1981,"Hip","Othr","Othr","None",0,"Gd","TA","PConc","Gd","TA","No","ALQ","Unf",0,37.6828873628335,"GasA","TA","Y","SBrkr",50.2394267483219,0,1,0,2,1,4,1,"Gd",9,"Typ",1,"Gd","Attchd",1981,23.2808934536456,"Y",21.7715410570772,10.9544511501033,0,0,0,0,"MnPrv","None",0,7,2009,"WD","Normal",12.5353763926728
1046,"20","RL",79.7810006361229,116.961532137708,"Pave","None","IRG","Lvl","AllPub","CulDSac","Gtl","Edwards","Norm","Norm","1Fam","Othr","5",1955,1955,"Hip","CompShg","Othr","None",0,"TA","TA","Othr","Othr","Othr","Othr","Othr","Othr",0,0,"GasA","Ex","Y","FuseA",41.6293165929973,0,0,0,2,0,4,1,"TA",8,"Othr",1,"Gd","Attchd",1955,21.2602916254693,"Y",0,0,0,0,0,0,"None","None",0,6,2009,"WD","Normal",11.8465364693104
1047,"60","RL",85,126.712272491657,"Pave","None","IRG","Lvl","AllPub","Inside","Gtl","Othr","Norm","Norm","1Fam","Othr","5",2005,2006,"Hip","CompShg","Othr","Stone",208,"Gd","TA","PConc","Ex","TA","Av","GLQ","Unf",0,41.8568990729127,"GasA","Ex","Y","SBrkr",44.6318272088428,0,0,0,3,1,4,1,"Ex",11,"Typ",1,"Gd","BuiltIn",2005,26.7581763205193,"Y",14.6287388383278,10.3923048454133,0,0,0,0,"None","None",0,7,2006,"New","Partial",13.2295679916666
1048,"20","RL",57,96.150923032491,"Pave","None","IRG","Lvl","AllPub","Inside","Gtl","CollgCr","Norm","Norm","1Fam","5","5",1994,1995,"Gable","CompShg","VinylSd","None",0,"TA","TA","PConc","Gd","TA","No","GLQ","Unf",0,17.4355957741627,"GasA","Ex","Y","SBrkr",31.4642654451045,0,0,1,1,0,3,1,"TA",5,"Typ",0,"None","Detchd",1996,25.9229627936314,"Y",0,0,0,0,0,0,"None","None",0,2,2008,"WD","Normal",11.8844890214027
1049,"20","RL",100,147.478812037526,"Pave","None","Reg","Lvl","AllPub","Inside","Gtl","Othr","Norm","Norm","1Fam","5","Othr",1960,2006,"Hip","CompShg","HdBoard","BrkFace",75,"TA","Othr","Othr","Othr","Othr","Othr","Othr","Othr",0,0,"GasA","TA","Y","SBrkr",42.0832508250016,0,0,0,1,0,3,1,"TA",9,"Othr",1,"TA","Attchd",1960,18.3303027798234,"Y",0,0,0,0,0,0,"Othr","None",0,11,2009,"WD","Normal",11.6526874073454
1050,"20","RL",60,105.356537528527,"Pave","None","Reg","Othr","AllPub","Inside","Gtl","Edwards","Norm","Norm","1Fam","4","7",1946,2006,"Gable","CompShg","MetalSd","None",0,"TA","TA","CBlock","Othr","Othr","Othr","Othr","Othr",0,0,"GasA","Ex","Y","SBrkr",30.4959013639538,0,0,0,1,0,2,1,"Gd",6,"Typ",0,"None","Detchd",1946,17.5499287747842,"Y",0,0,0,0,0,0,"None","None",0,4,2010,"WD","Abnorml",11.3492293722994
1051,"20","RL",73,94.8314293892062,"Pave","None","IRG","Lvl","AllPub","Inside","Gtl","Gilbert","Norm","Norm","1Fam","7","5",2007,2007,"Gable","CompShg","VinylSd","None",0,"Gd","TA","PConc","Gd","TA","Av","Unf","Unf",0,36.0832371053374,"GasA","Ex","Y","SBrkr",36.0832371053374,0,0,0,2,0,3,1,"Gd",6,"Typ",0,"None","Attchd",2007,20.8806130178211,"Y",0,4.69041575982343,0,0,0,0,"None","None",0,8,2007,"New","Partial",12.0809911659083
1052,"20","RL",103,105.71187255933,"Pave","None","IRG","Lvl","AllPub","Corner","Gtl","CollgCr","Norm","Norm","1Fam","7","5",2007,2007,"Gable","CompShg","VinylSd","None",0,"Gd","TA","PConc","Gd","TA","Av","Unf","Unf",0,36.2767142944341,"GasA","Ex","Y","SBrkr",36.2767142944341,0,0,0,2,0,3,1,"Gd",6,"Typ",1,"Gd","Attchd",2007,20.976176963403,"Y",0,4.47213595499958,0,0,0,0,"None","None",0,10,2007,"New","Partial",12.2067773971344
1053,"60","RL",100,97.4679434480896,"Pave","None","Reg","Lvl","AllPub","Corner","Gtl","NAmes","Othr","Norm","1Fam","6","6",1964,1978,"Gable","CompShg","VinylSd","None",272,"TA","TA","CBlock","TA","TA","No","Rec","Unf",0,19.3390796058137,"GasA","TA","Y","SBrkr",33.570820663189,0,0,1,1,1,4,1,"TA",9,"Typ",1,"TA","Attchd",1964,23.2379000772445,"Y",0,7.21110255092798,0,0,0,0,"Othr","None",0,6,2007,"WD","Normal",12.0137007528827
1054,"20","RL",68,92.5310758610317,"Pave","None","Reg","Lvl","AllPub","Inside","Othr","Edwards","Norm","Norm","1Fam","5","6",1957,2002,"Hip","CompShg","HdBoard","Stone",145,"TA","TA","CBlock","TA","TA","Av","Rec","Unf",0,28.8617393793236,"GasA","Ex","Y","FuseA",39.0640499692492,0,0,0,1,0,4,1,"TA",7,"Othr",1,"Gd","Othr",1957,19.0787840283389,"Y",10.770329614269,8.83176086632785,0,0,0,0,"None","None",0,5,2010,"WD","Normal",11.8810347865346
1055,"60","RL",90,106.616133863501,"Pave","None","Reg","Lvl","AllPub","Corner","Gtl","CollgCr","Norm","Norm","1Fam","8","5",2002,2002,"Gable","CompShg","VinylSd","BrkFace",210,"Gd","TA","PConc","Gd","TA","Mn","GLQ","Unf",0,11.5325625946708,"GasA","Ex","Y","SBrkr",33.0302891298275,0,1,0,2,1,3,1,"Gd",7,"Typ",1,"Gd","Attchd",2002,24.2074368738204,"Y",14.1067359796659,7.74596669241483,0,0,0,0,"None","None",0,11,2006,"WD","Normal",12.4490188241406
1056,"20","RL",104,106.587991818966,"Pave","None","Reg","Lvl","AllPub","Inside","Gtl","Othr","Norm","Norm","1Fam","6","5",1976,1976,"Gable","CompShg","Plywood","BrkFace",160,"TA","TA","CBlock","Gd","TA","No","ALQ","Unf",0,23.43074902772,"GasA","TA","Y","SBrkr",39.0256326021757,0,0,1,2,0,3,1,"TA",7,"Typ",1,"TA","Attchd",1976,21.8632111090754,"Y",0,0,0,0,189,0,"MnPrv","None",0,5,2008,"Othr","Abnorml",12.1007121298723
1057,"120","RL",43,83.9761871008681,"Pave","None","IRG","Lvl","AllPub","Inside","Gtl","NridgHt","Norm","Norm","TwnhsE","7","5",2005,2005,"Gable","CompShg","VinylSd","Stone",240,"Gd","TA","PConc","Gd","TA","Av","GLQ","Unf",0,26.5518360947035,"GasA","Ex","Y","SBrkr",36.9323706252388,0,1,0,2,0,2,1,"Gd",6,"Typ",1,"Gd","Attchd",2005,22,"Y",13.856406460551,6,0,0,0,0,"None","None",0,6,2006,"WD","Normal",12.1326951757254
1058,"60","RL",122.635286759332,173.086683485472,"Pave","None","IRG","Lvl","AllPub","Othr","Gtl","Othr","Norm","Norm","1Fam","7","6",1994,1994,"Gable","CompShg","HdBoard","None",0,"Gd","TA","PConc","Gd","TA","No","GLQ","Unf",0,19.4422220952236,"GasA","Ex","Y","SBrkr",31.288975694324,0,0,0,2,1,3,1,"Gd",7,"Typ",1,"Gd","BuiltIn",1994,21.6101827849743,"Y",12.9614813968157,9.89949493661167,0,0,0,0,"None","None",0,1,2009,"WD","Normal",12.4211840251471
1059,"60","RL",96,106.339080304468,"Pave","None","IRG","Lvl","AllPub","Inside","Gtl","NridgHt","Norm","Norm","1Fam","Othr","5",2008,2008,"Gable","CompShg","VinylSd","Stone",154,"Othr","TA","PConc","Ex","TA","Av","GLQ","Unf",0,12.9614813968157,"GasA","Ex","Y","SBrkr",33.6154726279432,0,1,0,2,1,3,1,"Ex",10,"Typ",1,"Gd","Attchd",2008,28.9136645896019,"Y",0,10.0995049383621,0,0,0,0,"None","None",0,7,2009,"WD","Normal",12.7218858108072
1060,"50","RL",73.4498649320674,106.183802907977,"Pave","None","IRG","Othr","AllPub","Corner","Othr","Othr","Norm","Norm","1Fam","6","7",1932,1950,"Gable","CompShg","MetalSd","BrkFace",480,"TA","TA","CBlock","TA","TA","Mn","Rec","Othr",23.6008474424119,0,"GasA","TA","Y","SBrkr",33.1058907144937,0,0,0,1,1,3,1,"TA",7,"Typ",1,"Gd","Detchd",1977,20.7846096908265,"Y",0,0,19,0,0,0,"None","None",0,3,2007,"WD","Normal",12.3013828253345
1061,"120","RL",41,70.1427116670007,"Pave","None","Reg","Lvl","AllPub","Inside","Gtl","Othr","Norm","Norm","TwnhsE","8","5",2001,2001,"Gable","CompShg","Othr","None",0,"Gd","TA","PConc","Gd","TA","Mn","GLQ","Unf",0,26.8700576850888,"GasA","Ex","Y","SBrkr",36.5786823163438,0,1,0,2,0,2,1,"Gd",6,"Typ",0,"None","Attchd",2001,24.1246761636296,"Y",0,0,170,0,0,0,"None","None",0,4,2010,"WD","Normal",12.2713921116508
1062,"Othr","Othr",120,134.164078649987,"Othr","None","Reg","Othr","AllPub","Inside","Gtl","Othr","Norm","Norm","1Fam","Othr","Othr",1935,1950,"Gable","CompShg","MetalSd","None",0,"Othr","TA","CBlock","TA","TA","No","Unf","Unf",0,29.8998327754521,"GasA","TA","Y","SBrkr",29.8998327754521,0,0,0,1,0,2,1,"TA",6,"Typ",0,"None","Detchd",1994,35.3270434653114,"Y",0,4.47213595499958,0,0,0,0,"None","Othr",560,8,2008,"Othr","Normal",11.3022044336546
1063,"Othr","RM",85,116.619037896906,"Pave","Othr","Reg","Lvl","AllPub","Inside","Gtl","OldTown","Norm","Norm","Othr","5","5",1900,1950,"Gable","CompShg","Wd Sdng","None",0,"TA","TA","BrkTil","TA","TA","No","Unf","Unf",0,25.7293606605372,"GasA","TA","N","SBrkr",37.7094152699296,0,0,0,2,0,5,2,"TA",10,"Othr",0,"None","Detchd",1945,23.6643191323985,"Y",0,7.54983443527075,0,0,0,0,"None","None",0,9,2007,"WD","Normal",11.4075649493124
1064,"Othr","RM",50,77.4596669241483,"Pave","None","Reg","Lvl","AllPub","Inside","Gtl","OldTown","Othr","Norm","1Fam","6","6",1925,1980,"Gable","CompShg","MetalSd","None",0,"TA","Gd","BrkTil","TA","TA","No","BLQ","Unf",0,26.5706605111728,"GasA","Gd","Y","SBrkr",33.2114438108312,0,0,0,1,0,2,1,"Gd",5,"Typ",1,"Gd","Detchd",1976,20.976176963403,"Y",12.8840987267251,10.9544511501033,0,0,0,0,"MnPrv","None",0,7,2006,"WD","Normal",11.6127707999399
1065,"20","RL",72.7259304960528,104.880884817015,"Pave","None","IRG","Lvl","AllPub","CulDSac","Gtl","NAmes","Norm","Norm","1Fam","5","6",1966,1966,"Gable","CompShg","Plywood","BrkFace",200,"TA","TA","CBlock","TA","TA","Mn","BLQ","Othr",15.1657508881031,13.5646599662505,"GasA","Ex","Y","SBrkr",33.9705755029261,0,0,0,1,1,3,1,"TA",6,"Typ",1,"Othr","Attchd",1966,21.9089023002066,"Y",0,7.61577310586391,0,0,0,0,"MnPrv","None",0,11,2009,"WD","Normal",11.9447078813958
1066,"60","RL",80,118.321595661992,"Pave","None","Reg","Lvl","AllPub","Inside","Othr","Othr","Norm","Norm","1Fam","7","5",1996,1997,"Gable","CompShg","Wd Sdng","None",0,"Gd","TA","PConc","Ex","TA","Gd","GLQ","Unf",0,10.2469507659596,"GasA","Ex","Y","SBrkr",36.1386219991853,0,1,0,2,1,3,1,"Gd",7,"Typ",0,"None","Attchd",1996,23.0867927612304,"Y",17.2046505340853,6.6332495807108,0,0,0,0,"None","None",0,4,2010,"WD","Normal",12.7007688873663
1067,"60","RL",59,88.5268320906153,"Pave","None","IRG","Lvl","AllPub","Inside","Gtl","Gilbert","Norm","Norm","1Fam","6","7",1993,1994,"Gable","CompShg","VinylSd","None",0,"Gd","TA","PConc","Gd","TA","No","Unf","Unf",0,28.2665880502051,"GasA","Gd","Y","SBrkr",28.2665880502051,0,0,0,2,1,3,1,"TA",7,"Typ",1,"TA","Attchd",1993,19.4935886896179,"Y",0,6.32455532033676,0,0,0,0,"None","None",0,5,2009,"WD","Normal",12.0895388292742
1068,"60","RL",80,98.7927122818277,"Pave","None","Reg","Lvl","AllPub","Inside","Othr","NAmes","Norm","Norm","1Fam","6","6",1964,1964,"Gable","CompShg","HdBoard","BrkFace",360,"TA","TA","CBlock","TA","TA","Gd","GLQ","Othr",10.295630140987,0,"GasA","TA","Y","SBrkr",28.2488937836511,0,1,0,1,1,4,1,"TA",7,"Typ",0,"None","Attchd",1964,21.0237960416286,"Y",18.1107702762748,11.3137084989848,0,0,189,0,"None","None",0,6,2008,"WD","Normal",12.0311238430656
1069,"Othr","RM",42,62.9603049547888,"Pave","None","Reg","Lvl","AllPub","Inside","Gtl","Othr","Norm","Norm","TwnhsE","6","Othr",1973,1973,"Gable","CompShg","Othr","None",0,"TA","TA","CBlock","Gd","TA","No","ALQ","Unf",0,10.2469507659596,"GasA","Gd","Y","SBrkr",35.9304884464434,0,1,0,2,1,5,1,"TA",10,"Othr",1,"Gd","Attchd",1973,24,"Y",26.9814751264641,4.47213595499958,0,0,0,0,"Othr","None",0,6,2006,"WD","Normal",11.9276806199855
1070,"Othr","RL",60,97.9795897113271,"Pave","None","Reg","Lvl","AllPub","Inside","Gtl","NAmes","Norm","Norm","1Fam","5","7",1949,2003,"Gable","CompShg","MetalSd","None",0,"TA","TA","CBlock","TA","TA","No","ALQ","Unf",0,25,"GasA","TA","Y","SBrkr",29.8831055949679,0,0,1,1,0,2,1,"Gd",4,"Typ",0,"None","Detchd",1985,24,"Y",0,0,0,0,0,0,"None","None",0,5,2007,"WD","Normal",11.8130300574206
1071,"20","RL",72,100.75713374248,"Pave","None","Reg","Lvl","AllPub","Inside","Gtl","NAmes","Norm","Norm","1Fam","5","5",1956,1956,"Hip","CompShg","MetalSd","BrkFace",120,"TA","TA","CBlock","TA","TA","No","BLQ","Unf",0,21.4941852602047,"GasA","TA","Y","SBrkr",32.3728281124773,0,1,0,1,0,3,1,"TA",6,"Typ",0,"None","Attchd",1956,16.9115345252878,"Y",0,4.47213595499958,0,0,192,0,"None","None",0,6,2007,"WD","Normal",11.8130300574206
1072,"60","RL",78,108.16653826392,"Pave","None","Reg","Lvl","AllPub","Inside","Gtl","Othr","Othr","Norm","1Fam","6","6",1968,1968,"Gable","CompShg","MetalSd","None",0,"TA","TA","CBlock","TA","TA","No","Rec","Unf",0,20.712315177208,"GasA","Ex","Y","SBrkr",28.7923600977759,0,0,0,1,1,4,1,"TA",8,"Typ",0,"None","Attchd",1968,21,"Y",0,0,0,0,0,0,"None","None",0,5,2009,"WD","Normal",11.9447078813958
1073,"50","RL",50,87.091905479212,"Pave","None","Reg","Lvl","AllPub","Inside","Gtl","Edwards","Othr","Norm","1Fam","5","Othr",1948,1950,"Gable","CompShg","MetalSd","None",0,"TA","TA","CBlock","Othr","Othr","Mn","Unf","Unf",0,28.4604989415154,"GasA","Othr","Y","FuseA",31.6543835826888,0,1,1,1,0,4,1,"TA",7,"Typ",1,"TA","Detchd",1954,16.7332005306815,"Othr",0,0,0,0,0,0,"None","None",0,8,2006,"WD","Normal",11.4240942512636
1074,"60","RL",75,89.162772500635,"Pave","None","IRG","Othr","AllPub","Corner","Gtl","Edwards","Norm","Norm","1Fam","6","6",1977,1977,"Hip","CompShg","HdBoard","BrkFace",140,"TA","TA","CBlock","TA","TA","No","BLQ","Unf",0,12.4498995979887,"GasA","TA","Y","SBrkr",26.4196896272458,0,0,0,1,1,3,1,"TA",6,"Typ",0,"None","Attchd",1977,20.976176963403,"Y",15.8745078663875,0,0,0,0,0,"MnPrv","None",0,7,2009,"WD","Normal",11.979799201207
1075,"20","RL",74,92.4986486387774,"Pave","None","Reg","Lvl","AllPub","Inside","Gtl","CollgCr","Norm","Norm","1Fam","7","5",2006,2006,"Gable","CompShg","VinylSd","None",0,"Gd","TA","PConc","Gd","TA","Av","Unf","Unf",0,35.213633723318,"GasA","Ex","Y","SBrkr",35.213633723318,0,0,0,2,0,2,1,"Gd",5,"Typ",0,"None","Attchd",2006,28.7402157263998,"Y",11.8321595661992,9.64365076099295,0,0,0,0,"None","None",0,5,2007,"WD","Normal",12.1756134380455
1076,"Othr","RL",75,114.564392373896,"Pave","None","Reg","Lvl","AllPub","Inside","Gtl","Othr","Norm","Norm","1Fam","7","6",1940,1984,"Gable","CompShg","Wd Sdng","None",0,"TA","TA","CBlock","TA","TA","No","BLQ","Unf",0,19.7484176581315,"GasA","TA","Y","SBrkr",30.9838667696593,0,0,0,1,1,3,1,"TA",6,"Typ",2,"Gd","Attchd",1940,15.4919333848297,"Y",0,0,0,0,0,0,"None","None",0,7,2007,"Othr","Normal",12.2991075114974
1077,"50","RL",60,103.923048454133,"Pave","Othr","Reg","Lvl","AllPub","Inside","Gtl","OldTown","Norm","Norm","1Fam","5","Othr",1936,1989,"Gable","CompShg","Wd Sdng","None",0,"TA","TA","CBlock","Othr","TA","No","ALQ","Unf",0,13.0384048104053,"GasA","Gd","Y","SBrkr",33.1058907144937,0,0,1,2,0,3,1,"Gd",7,"Othr",1,"TA","Attchd",1950,23.7907545067406,"Y",20.8806130178211,4.58257569495584,0,0,0,0,"None","Othr",500,4,2006,"WD","Normal",12.0435537160324
1078,"20","RL",85.5461512356577,125.976188226188,"Pave","None","IRG","Lvl","AllPub","Corner","Gtl","NAmes","Norm","Norm","1Fam","5","5",1969,1969,"Gable","CompShg","VinylSd","None",0,"TA","TA","CBlock","TA","TA","Mn","BLQ","Othr",28.1247222208505,15.1657508881031,"GasA","Ex","Y","SBrkr",33.1058907144937,0,1,0,1,0,3,1,"TA",6,"Typ",0,"None","Attchd",1969,17.2916164657906,"Y",15.4919333848297,5.65685424949238,0,0,0,0,"None","None",0,3,2006,"WD","Abnorml",11.8407893270548
1079,"120","RM",37,66.5957956630897,"Pave","None","Reg","Lvl","AllPub","Inside","Gtl","CollgCr","Norm","Norm","TwnhsE","6","5",2004,2004,"Gable","CompShg","VinylSd","BrkFace",169,"Gd","TA","PConc","Gd","TA","Mn","GLQ","Unf",0,13.6381816969859,"GasA","Ex","Y","SBrkr",29.1204395571221,0,1,0,1,0,1,1,"Gd",3,"Typ",1,"Gd","Attchd",2004,20.4939015319192,"Y",11.8321595661992,0,0,0,0,0,"None","None",0,5,2006,"WD","Normal",11.9569700550459
1080,"20","RL",65,93.674969975976,"Pave","None","Reg","Lvl","AllPub","Inside","Gtl","CollgCr","Norm","Norm","1Fam","5","5",1994,1994,"Gable","CompShg","VinylSd","None",0,"TA","TA","PConc","Gd","TA","No","GLQ","Unf",0,22.248595461287,"GasA","Gd","Y","SBrkr",31.4642654451045,0,0,0,1,0,3,1,"TA",5,"Typ",0,"None","Attchd",1996,17.2916164657906,"Y",0,8,0,0,0,0,"None","None",0,4,2007,"WD","Normal",11.7440371859336
1081,"20","RL",80,105.07140429251,"Pave","None","Reg","Lvl","AllPub","Inside","Gtl","Othr","Norm","Norm","1Fam","6","7",1971,2004,"Gable","CompShg","VinylSd","BrkFace",144,"Gd","Gd","CBlock","TA","TA","No","ALQ","Unf",0,24.5356882927706,"GasA","Ex","Y","SBrkr",35.4682957019364,0,0,1,2,0,3,1,"Gd",5,"Typ",0,"None","Attchd",1971,22.9782505861521,"Y",7.41619848709566,0,0,216,0,0,"None","None",0,10,2008,"Othr","Abnorml",11.8844890214027
1082,"20","RL",75,86.6025403784439,"Pave","None","Reg","Lvl","AllPub","Corner","Gtl","Sawyer","Feedr","Norm","1Fam","5","5",1963,1963,"Gable","CompShg","HdBoard","None",0,"TA","TA","CBlock","TA","TA","No","ALQ","Unf",0,14.6969384566991,"GasA","Othr","Y","SBrkr",32.2490309931942,0,1,0,1,1,3,1,"TA",5,"Typ",0,"None","Attchd",1963,17.5499287747842,"Y",0,0,220,0,0,0,"MnPrv","None",0,6,2010,"WD","Normal",11.7981044072039
1083,"20","RL",70,93.5360892917809,"Pave","None","Reg","Lvl","AllPub","Inside","Gtl","CollgCr","Norm","Norm","1Fam","7","5",2002,2002,"Gable","CompShg","VinylSd","BrkFace",100,"Gd","TA","PConc","Gd","TA","No","Unf","Unf",0,38.1968585095686,"GasA","Ex","Y","SBrkr",38.1968585095686,0,0,0,2,0,3,1,"Gd",6,"Typ",1,"Gd","Attchd",2002,22.956480566498,"Y",13.856406460551,6.2449979983984,0,0,0,0,"None","None",0,9,2007,"WD","Normal",12.1652506510099
1084,"20","RL",80,93.8083151964686,"Pave","None","Reg","Lvl","AllPub","Inside","Gtl","NAmes","Norm","Norm","1Fam","6","6",1964,1964,"Hip","CompShg","HdBoard","BrkFace",425,"TA","TA","CBlock","TA","TA","No","BLQ","Unf",0,26.4196896272458,"GasA","TA","Y","SBrkr",35.3694783676548,0,1,0,1,0,3,1,"TA",6,"Typ",2,"Gd","Attchd",1964,21.4709105535839,"Y",0,10.770329614269,0,0,0,0,"MnPrv","Othr",700,3,2006,"WD","Normal",11.982929094216
1085,"60","RL",78.0725153671283,114.153405555857,"Pave","None","IRG","Lvl","AllPub","Corner","Gtl","Gilbert","Norm","Norm","1Fam","6","5",1995,1996,"Gable","CompShg","HdBoard","None",0,"TA","TA","PConc","Gd","TA","No","ALQ","Unf",0,9.9498743710662,"GasA","Gd","Y","SBrkr",26.2868788561898,0,0,0,2,1,3,1,"TA",6,"Typ",1,"TA","Attchd",1995,20.2237484161567,"Y",17.7482393492988,6.6332495807108,0,0,0,0,"None","None",0,7,2006,"WD","Normal",12.1415341243926
1086,"Othr","RL",73,95.2312973764403,"Pave","None","Reg","Lvl","AllPub","Inside","Gtl","Othr","Norm","Norm","1Fam","6","6",1992,1992,"Gable","CompShg","HdBoard","None",0,"TA","TA","PConc","Gd","TA","Av","GLQ","Unf",0,13.7477270848675,"GasA","Ex","Y","SBrkr",31.559467676119,0,1,0,1,0,2,1,"Gd",5,"Typ",0,"None","Attchd",1992,23.7486841740758,"Y",10.9544511501033,0,0,0,0,0,"None","None",0,4,2010,"WD","Normal",11.8981878657609
1087,"Othr","RM",48.9650860616227,44.4297197830461,"Pave","None","Reg","Lvl","AllPub","Inside","Gtl","Othr","Norm","Norm","TwnhsE","4","5",1973,1973,"Gable","CompShg","Othr","None",0,"TA","TA","CBlock","TA","TA","No","BLQ","Unf",0,14.560219778561,"GasA","TA","Y","SBrkr",23.3666428910958,0,0,0,1,1,3,1,"TA",6,"Typ",0,"None","Attchd",1973,16.9115345252878,"Y",10.9544511501033,9.79795897113271,0,0,0,0,"None","None",0,5,2010,"WD","Normal",11.3326019108389
1088,"60","Othr",85,102.829956724682,"Pave","None","Reg","Lvl","AllPub","Inside","Gtl","Somerst","Norm","Norm","1Fam","8","5",2005,2006,"Gable","CompShg","VinylSd","None",0,"Gd","TA","PConc","Gd","TA","Mn","Unf","Unf",0,32.8937684067971,"GasA","Ex","Y","SBrkr",32.8937684067971,0,0,0,2,1,3,1,"Gd",9,"Typ",1,"Gd","Attchd",2005,32.2955105239103,"Y",12.6491106406735,7.07106781186548,0,0,0,0,"None","None",0,5,2009,"WD","Normal",12.4371843664936
1089,"Othr","RM",24,50.2195181179589,"Pave","None","Reg","Lvl","AllPub","Inside","Gtl","Edwards","Norm","Norm","Othr","7","5",2004,2004,"Gable","CompShg","VinylSd","Stone",50,"Gd","TA","PConc","Gd","TA","No","Unf","Unf",0,31.1448230047949,"GasA","Ex","Y","SBrkr",31.1448230047949,0,0,0,2,0,3,1,"Gd",7,"Othr",0,"None","Detchd",2004,19.4935886896179,"Y",0,6.32455532033676,0,0,0,0,"None","None",0,4,2006,"WD","Normal",11.8313791960888
1090,"120","Othr",37,57.5847201955519,"Pave","Othr","IRG","Lvl","AllPub","Inside","Gtl","Somerst","Norm","Norm","TwnhsE","8","5",2005,2005,"Gable","CompShg","MetalSd","None",0,"Gd","TA","PConc","Gd","TA","No","GLQ","Unf",0,14.422205101856,"GasA","Ex","Y","SBrkr",35.3128871660192,0,1,0,1,1,1,1,"Gd",4,"Typ",1,"Gd","Attchd",2005,23.4520787991171,"Y",0,9.16515138991168,0,0,0,0,"None","None",0,4,2006,"WD","Normal",12.1909590077201
1091,"Othr","RL",60,92.4337600663307,"Pave","None","Reg","Lvl","AllPub","Corner","Gtl","NAmes","Norm","Norm","Othr","Othr","Othr",1950,1950,"Gable","CompShg","Othr","None",0,"TA","TA","Othr","Othr","Othr","Othr","Othr","Othr",0,0,"Othr","Othr","N","FuseA",32.2490309931942,0,0,0,2,0,2,2,"TA",6,"Typ",0,"None","Detchd",1987,20,"Y",0,0,0,0,0,0,"None","None",0,6,2009,"WD","Normal",11.4392789248019
1092,"Othr","Othr",24,46.475800154489,"Pave","Othr","Reg","Lvl","AllPub","Inside","Gtl","Somerst","Norm","Norm","Othr","7","5",1999,2000,"Gable","CompShg","MetalSd","BrkFace",212,"Gd","TA","PConc","Gd","TA","No","BLQ","Unf",0,9.48683298050514,"GasA","Ex","Y","SBrkr",24.9799919935936,0,1,0,2,1,2,1,"Gd",4,"Typ",0,"None","Detchd",1999,21.4941852602047,"Y",0,6.92820323027551,0,0,0,0,"None","None",0,3,2008,"WD","Normal",11.982929094216
1093,"50","RL",60,91.6515138991168,"Pave","None","Reg","Othr","AllPub","Inside","Gtl","Othr","Norm","Norm","1Fam","6","5",1925,1950,"Gable","CompShg","MetalSd","None",0,"TA","TA","PConc","TA","TA","No","Rec","Unf",0,27.5317997958724,"GasA","Othr","Y","SBrkr",37.2827037646145,0,0,0,2,0,4,1,"TA",7,"Typ",1,"Gd","Detchd",1925,24,"Y",18.4932420089069,0,128,0,0,0,"None","None",0,6,2008,"WD","Normal",11.8240798936072
1094,"20","RL",71,96.0728889958036,"Pave","None","Reg","Lvl","AllPub","Corner","Gtl","NAmes","Feedr","Norm","1Fam","5","Othr",1965,1998,"Hip","CompShg","MetalSd","BrkFace",166,"TA","TA","CBlock","TA","TA","Mn","GLQ","Unf",0,14.247806848775,"GasA","Gd","Y","SBrkr",34.6410161513775,0,1,0,1,1,1,1,"Gd",6,"Typ",0,"None","Detchd",1977,29.732137494637,"Y",0,8,0,0,0,0,"MnPrv","None",0,10,2006,"WD","Normal",11.8913619006905
1095,"20","RL",74,76.6028720088222,"Pave","None","Reg","Lvl","AllPub","Inside","Gtl","NAmes","Norm","Norm","1Fam","5","7",1956,2000,"Gable","CompShg","MetalSd","None",0,"TA","TA","CBlock","TA","TA","No","BLQ","Othr",15.4919333848297,21.1660104885167,"GasA","Ex","Y","SBrkr",30.5941170815567,0,1,0,1,0,2,1,"TA",4,"Typ",0,"None","Attchd",1956,17.5499287747842,"Y",0,0,80,0,160,0,"None","None",0,5,2010,"WD","Normal",11.7675676833438
1096,"20","RL",78,96.5246082613133,"Pave","None","IRG","Lvl","AllPub","Inside","Gtl","CollgCr","Norm","Norm","1Fam","6","5",2006,2006,"Gable","CompShg","VinylSd","None",0,"Gd","TA","PConc","Gd","TA","No","GLQ","Unf",0,35.9165699921359,"GasA","Gd","Y","SBrkr",36.2491379207837,0,0,0,2,0,3,1,"Gd",6,"Typ",1,"Gd","Attchd",2006,20.976176963403,"Y",0,4.69041575982343,0,0,0,0,"None","None",0,3,2007,"WD","Normal",12.0806908119985
1097,"Othr","RM",60,82.9578206078246,"Pave","None","Reg","Lvl","AllPub","Inside","Gtl","Othr","Norm","Norm","1Fam","6","7",1914,2006,"Gable","CompShg","Wd Sdng","None",0,"TA","TA","PConc","TA","TA","No","Unf","Unf",0,26.153393661244,"GasA","TA","Y","SBrkr",27.8028775489157,0,0,0,1,1,3,1,"Gd",7,"Typ",0,"None","None",2001,0,"Y",11.6619037896906,0,115,0,0,0,"None","None",0,3,2007,"WD","Normal",11.7519423654407
1098,"120","RL",53.4982318755035,60.7947366142827,"Pave","None","Reg","Lvl","AllPub","Inside","Gtl","Othr","Norm","Norm","TwnhsE","8","5",1986,1986,"Gable","CompShg","HdBoard","None",0,"Gd","TA","CBlock","Gd","TA","No","Unf","Unf",0,32.7719392163479,"GasA","Ex","Y","SBrkr",32.9848450049413,0,0,0,1,1,2,1,"Gd",5,"Typ",0,"None","Attchd",1987,21.4709105535839,"Y",0,8.60232526704263,137,0,0,0,"None","None",0,10,2007,"WD","Normal",12.0435537160324
1099,"50","RM",50,77.4596669241483,"Pave","None","Reg","Lvl","AllPub","Inside","Gtl","Othr","Norm","Norm","1Fam","4","6",1936,1950,"Gable","CompShg","MetalSd","None",0,"TA","TA","BrkTil","TA","TA","No","BLQ","Unf",0,0,"GasA","TA","Y","SBrkr",27.5136329843952,0,0,0,1,0,3,1,"TA",6,"Typ",0,"None","Detchd",1936,15.4919333848297,"Y",0,0,0,0,0,0,"None","None",0,7,2009,"WD","Normal",11.7597855429018
1100,"20","RL",82,108.99541274751,"Pave","None","IRG","Lvl","AllPub","Inside","Gtl","Othr","Othr","Norm","1Fam","7","5",1978,1978,"Gable","CompShg","Plywood","BrkFace",206,"TA","TA","CBlock","Gd","TA","No","ALQ","Unf",0,23.8117617995813,"GasA","TA","Y","SBrkr",40.0124980474851,0,0,0,2,0,3,1,"TA",7,"Typ",1,"TA","Attchd",1978,21.8632111090754,"Y",0,0,0,0,0,0,"None","None",0,4,2009,"Othr","Abnorml",11.9640010843304
1101,"Othr","RL",60,91.6515138991168,"Pave","None","Reg","Othr","AllPub","Inside","Gtl","Othr","Norm","Norm","1Fam","Othr","5",1920,1950,"Gable","CompShg","Wd Sdng","None",0,"TA","TA","CBlock","TA","Othr","No","Rec","Unf",0,0,"GasA","TA","N","Othr",20.9284495364563,0,0,0,1,0,1,1,"Othr",3,"Typ",0,"None","Detchd",1930,15.6843871413581,"N",0,0,0,0,0,0,"None","None",0,1,2009,"WD","Normal",11.0020998412042
1102,"20","RL",61,98.7825895590918,"Pave","None","IRG","Lvl","AllPub","Inside","Gtl","NAmes","Norm","Norm","1Fam","5","5",1971,1971,"Gable","CompShg","HdBoard","None",0,"TA","TA","CBlock","TA","TA","No","BLQ","Othr",16.9410743460974,15.8429795177549,"GasA","TA","Y","SBrkr",30.8220700148449,0,0,0,1,0,3,1,"TA",5,"Typ",0,"None","Detchd",1981,16.7332005306815,"Y",0,0,0,0,0,0,"None","None",0,7,2007,"WD","Normal",11.6910716503537
1103,"20","RL",70,83.6660026534076,"Pave","None","Reg","Lvl","AllPub","Inside","Gtl","NAmes","Norm","Norm","1Fam","5","7",1960,2002,"Gable","CompShg","Wd Sdng","BrkFace",45,"TA","TA","CBlock","TA","TA","No","Rec","Unf",0,20.5426385841741,"GasA","Ex","Y","SBrkr",33.6749164809655,0,0,0,1,0,2,1,"TA",6,"Typ",0,"None","Attchd",1960,15.9373774505092,"Y",0,4,0,0,0,0,"Othr","None",0,4,2007,"WD","Othr",11.8130300574206
1104,"20","RL",79,94.3927963353136,"Pave","None","Reg","Lvl","AllPub","Corner","Gtl","NAmes","Norm","Norm","1Fam","6","6",1959,1959,"Hip","CompShg","Othr","None",0,"TA","TA","CBlock","TA","TA","Mn","ALQ","Unf",0,0,"GasA","Ex","Y","SBrkr",34.554305086342,0,0,1,1,0,3,1,"TA",6,"Typ",1,"Othr","BuiltIn",1954,23.2163735324878,"Y",0,0,192,0,0,0,"None","None",0,7,2006,"WD","Normal",11.979799201207
1105,"Othr","RM",24,44.8998886412873,"Pave","None","Reg","Lvl","AllPub","Inside","Gtl","Othr","Norm","Norm","TwnhsE","5","5",1970,1970,"Gable","CompShg","HdBoard","BrkFace",304,"TA","TA","CBlock","TA","TA","No","Unf","Unf",0,25.0998007960223,"GasA","TA","Y","SBrkr",25.0998007960223,0,0,0,2,1,3,1,"TA",6,"Typ",0,"None","Detchd",1970,20.976176963403,"Y",0,0,0,0,0,0,"None","None",0,4,2007,"WD","Normal",11.5711943730942
1106,"60","RL",98,110.706820024784,"Pave","None","IRG","Lvl","AllPub","Corner","Gtl","Othr","Norm","Norm","1Fam","8","5",1994,1995,"Gable","CompShg","HdBoard","BrkFace",362,"Gd","TA","PConc","Ex","TA","Av","GLQ","Unf",0,20.7605394920267,"GasA","Ex","Y","SBrkr",38.7298334620742,0,1,0,2,1,3,1,"Gd",9,"Typ",2,"TA","Attchd",1994,26.6833281282527,"Y",13.6381816969859,5.65685424949238,0,0,0,0,"None","None",0,4,2010,"WD","Normal",12.6915804613119
1107,"20","RL",114,101.769347054995,"Pave","None","IRG","Lvl","AllPub","Corner","Gtl","Othr","Feedr","Norm","1Fam","7","5",1990,1991,"Hip","CompShg","HdBoard","None",0,"Gd","TA","PConc","Gd","TA","Mn","GLQ","Unf",0,13.114877048604,"GasA","Gd","Y","SBrkr",37.973675092095,0,1,0,2,0,3,1,"Gd",6,"Typ",1,"TA","Attchd",1990,26.8141753555838,"Y",0,15.6204993518133,0,0,0,0,"None","None",0,5,2007,"WD","Normal",12.1001564199386
1108,"60","RL",168,152.502458996568,"Pave","None","IRG","Othr","AllPub","CulDSac","Gtl","Gilbert","Norm","Norm","1Fam","7","5",2006,2006,"Gable","CompShg","VinylSd","None",0,"Gd","TA","PConc","Ex","Othr","No","Unf","Unf",0,29.4618397253125,"GasA","Ex","Y","SBrkr",29.7825452236709,0,0,0,2,1,3,1,"Gd",9,"Typ",1,"Gd","BuiltIn",2006,20.5426385841741,"Y",0,10,0,0,0,0,"None","None",0,9,2006,"New","Partial",12.5235258763151
1109,"60","RL",64.9943107194163,89.7942091674068,"Pave","None","Reg","Lvl","AllPub","Inside","Gtl","Gilbert","Norm","Norm","1Fam","6","5",2000,2000,"Gable","CompShg","VinylSd","None",0,"TA","TA","PConc","Gd","TA","No","Unf","Unf",0,30.3973683071413,"GasA","Ex","Y","SBrkr",30.7896086366813,0,0,0,2,1,3,1,"TA",7,"Typ",1,"TA","Attchd",2000,21.51743479135,"Y",10,6.92820323027551,0,0,0,0,"None","None",0,11,2007,"WD","Abnorml",12.106252310248
1110,"20","RL",107,106.592682675688,"Pave","None","IRG","Lvl","AllPub","Inside","Gtl","NridgHt","Norm","Norm","1Fam","8","5",2004,2005,"Gable","CompShg","MetalSd","Stone",42,"Gd","TA","PConc","Ex","TA","Mn","GLQ","Unf",0,28.2311884269862,"GasA","Ex","Y","SBrkr",42.8485705712571,0,1,0,2,0,3,1,"Gd",7,"Typ",1,"Gd","Attchd",2004,29.3598365118064,"Y",11.1803398874989,13.6014705087354,0,0,0,0,"None","None",0,3,2009,"WD","Normal",12.5425448821514
1111,"60","RL",64.8284639213475,89.4427190999916,"Pave","None","Reg","Lvl","AllPub","Inside","Gtl","Gilbert","Norm","Norm","1Fam","6","5",1995,1996,"Gable","CompShg","HdBoard","None",0,"TA","TA","PConc","Gd","TA","No","GLQ","Unf",0,23.5372045918796,"GasA","Gd","Y","SBrkr",27.8028775489157,0,1,0,2,1,3,1,"TA",8,"Typ",1,"TA","Attchd",1995,20.7605394920267,"Y",14.9666295470958,9.16515138991168,0,0,0,0,"None","None",0,6,2008,"WD","Normal",12.1441972418121
1112,"60","RL",80,102.371871136558,"Pave","None","Reg","Lvl","AllPub","Inside","Gtl","Othr","Norm","Norm","1Fam","7","6",1976,1976,"Hip","CompShg","Plywood","BrkFace",660,"TA","TA","CBlock","TA","TA","No","ALQ","Unf",0,20,"GasA","TA","Y","SBrkr",33.1360830515618,0,0,0,2,1,4,1,"TA",8,"Typ",1,"Gd","Attchd",1976,21.9772609758359,"Y",0,8.30662386291807,0,0,0,0,"None","None",0,9,2008,"WD","Normal",12.2307652581205
1113,"20","RL",73,84.2614977317636,"Pave","None","IRG","Lvl","AllPub","Corner","Gtl","NAmes","Norm","Norm","1Fam","5","7",1957,1957,"Gable","CompShg","Othr","None",0,"TA","TA","CBlock","TA","TA","No","GLQ","Unf",0,10.3923048454133,"GasA","TA","Y","FuseA",28.5657137141714,0,1,0,1,0,2,1,"TA",5,"Typ",0,"None","Detchd",1957,17.5499287747842,"Y",0,0,0,0,0,0,"None","None",0,7,2006,"WD","Normal",11.7745202026587
1114,"20","RL",66,94.4616324229049,"Pave","None","Reg","Lvl","AllPub","Inside","Gtl","NAmes","Norm","Norm","1Fam","5","7",1953,2006,"Gable","CompShg","Wd Sdng","None",0,"TA","TA","CBlock","TA","TA","No","BLQ","Unf",0,19.1049731745428,"GasA","Gd","Y","SBrkr",31.7490157327751,0,1,0,1,0,2,1,"Gd",6,"Typ",0,"None","Attchd",1953,15.4919333848297,"Y",0,4.24264068711928,0,0,0,0,"None","None",0,5,2007,"WD","Normal",11.809319478024
1115,"20","RL",90,73.4846922834953,"Pave","None","Reg","Lvl","AllPub","Inside","Gtl","OldTown","Norm","Norm","1Fam","5","7",1954,2000,"Gable","CompShg","MetalSd","None",0,"TA","Gd","CBlock","TA","TA","No","Rec","Unf",0,20.4450483002609,"GasA","Ex","Y","SBrkr",28.8617393793236,0,0,0,1,0,2,1,"Gd",4,"Typ",0,"None","Detchd",1955,18.0554700852678,"Y",0,0,0,0,0,0,"MnPrv","None",0,8,2006,"WD","Normal",11.6699292137799
1116,"20","RL",93,109.931797037982,"Pave","None","Reg","Lvl","AllPub","Inside","Gtl","NridgHt","Norm","Norm","1Fam","8","5",2007,2007,"Hip","CompShg","VinylSd","Stone",328,"Gd","TA","PConc","Ex","TA","No","GLQ","Unf",0,27.0185121722126,"GasA","Ex","Y","SBrkr",41.641325627314,0,1,0,2,0,3,1,"Ex",7,"Typ",1,"Gd","Attchd",2007,30.4630924234556,"Y",0,0,0,0,0,0,"None","None",0,11,2007,"New","Partial",12.6698066617623
1117,"Othr","RL",64.1703417067887,88.034084308295,"Pave","None","Reg","Lvl","AllPub","Inside","Gtl","Gilbert","Norm","Norm","1Fam","8","5",2002,2002,"Hip","CompShg","VinylSd","None",0,"Gd","TA","PConc","Gd","TA","No","GLQ","Unf",0,7.41619848709566,"GasA","Ex","Y","SBrkr",27.9105714739057,0,1,0,2,1,3,1,"Gd",7,"Typ",1,"TA","BuiltIn",2002,22.956480566498,"Y",10.9544511501033,0,0,0,0,0,"None","None",0,3,2009,"WD","Normal",12.1232343672212
1118,"20","RL",57,98.812954616285,"Pave","None","IRG","Lvl","AllPub","Othr","Gtl","Sawyer","Feedr","Norm","1Fam","5","7",1967,2003,"Gable","CompShg","VinylSd","None",0,"TA","TA","CBlock","TA","TA","No","BLQ","Unf",0,13.856406460551,"GasA","Ex","Y","SBrkr",29.8998327754521,0,1,0,1,0,3,1,"Gd",5,"Typ",0,"None","Attchd",1967,21.2132034355964,"Y",0,0,0,0,0,0,"None","None",0,5,2008,"WD","Normal",11.7752897294377
1119,"Othr","RL",85,117.579760163048,"Pave","None","Reg","Lvl","AllPub","Inside","Gtl","Sawyer","Norm","Norm","1Fam","5","6",1958,1987,"Gable","CompShg","MetalSd","None",0,"TA","Gd","CBlock","TA","TA","No","Unf","Unf",0,23.0867927612304,"GasA","TA","Y","SBrkr",31.9530906173409,0,0,1,1,0,3,1,"TA",6,"Othr",0,"None","BuiltIn",1958,17.3205080756888,"Y",16.7332005306815,5.8309518948453,0,0,0,0,"None","None",0,12,2008,"WD","Normal",11.8493977015914
1120,"20","RL",70,86.9482604771366,"Pave","None","Reg","Lvl","AllPub","Inside","Gtl","NAmes","Norm","Norm","1Fam","5","5",1959,1959,"Gable","CompShg","Othr","None",0,"TA","TA","CBlock","TA","TA","No","LwQ","Unf",0,25.9036676939772,"GasA","TA","Y","FuseA",32.2490309931942,0,0,0,1,0,3,1,"TA",6,"Typ",0,"None","Attchd",1959,16.9115345252878,"Y",11.8321595661992,0,252,0,0,0,"Othr","None",0,7,2006,"WD","Normal",11.80335376309
1121,"Othr","RM",59,90.9010450985026,"Pave","None","Reg","Othr","AllPub","Inside","Othr","Othr","Norm","Norm","1Fam","6","5",1920,1950,"Gable","CompShg","Othr","None",0,"TA","TA","BrkTil","TA","TA","No","Unf","Unf",0,31.8119474411737,"GasA","TA","Y","FuseA",31.8119474411737,0,0,0,1,0,2,1,"TA",6,"Typ",1,"Gd","Detchd",1920,17.5499287747842,"Y",0,4.69041575982343,112,0,0,0,"MnPrv","None",0,5,2007,"WD","Normal",11.681824001432
1122,"20","RL",84,100.419121685066,"Pave","None","Reg","Lvl","AllPub","Inside","Gtl","CollgCr","Norm","Norm","1Fam","7","5",2005,2006,"Gable","CompShg","VinylSd","BrkFace",196,"Gd","TA","PConc","Gd","TA","Av","GLQ","Unf",0,39.0896405713841,"GasA","Ex","Y","SBrkr",39.3954312071844,0,0,0,2,0,3,1,"Gd",7,"Typ",0,"None","Attchd",2005,27.9642629082191,"Y",12,4.47213595499958,0,0,0,0,"None","None",0,7,2006,"New","Partial",12.2685778508816
1123,"20","RL",67.2661486040732,94.4775105514535,"Pave","None","IRG","Lvl","AllPub","Corner","Gtl","Edwards","Norm","Norm","1Fam","4","Othr",1956,1956,"Gable","CompShg","Othr","None",0,"TA","TA","CBlock","TA","TA","No","Unf","Unf",0,25.9229627936314,"GasA","Ex","Y","FuseA",30.9838667696593,0,0,0,1,0,3,1,"TA",5,"Typ",0,"None","Othr",1956,16.9705627484771,"Y",8,0,0,0,160,0,"MnPrv","None",0,10,2009,"Othr","Abnorml",11.6262541502772
1124,"20","RL",50,96.9793792514677,"Pave","None","Reg","Lvl","AllPub","Inside","Gtl","Edwards","Norm","Norm","1Fam","5","Othr",1947,2008,"Hip","CompShg","VinylSd","None",0,"TA","Othr","CBlock","TA","TA","No","Unf","Unf",0,26.4196896272458,"GasA","Ex","Y","SBrkr",26.4196896272458,0,0,1,1,0,2,1,"TA",4,"Typ",0,"None","None",1900,0,"Y",0,14.142135623731,0,0,0,0,"None","None",0,6,2009,"WD","Normal",11.6784399034478
1125,"Othr","RL",67.7900138868619,95.524865872714,"Pave","None","IRG","Lvl","AllPub","Inside","Gtl","Gilbert","Norm","Norm","1Fam","7","5",1992,1992,"Gable","CompShg","HdBoard","BrkFace",170,"TA","TA","PConc","Gd","TA","No","Unf","Unf",0,19.5959179422654,"GasA","Gd","Y","SBrkr",28.49561369755,0,0,0,2,1,3,1,"Gd",7,"Typ",1,"TA","Attchd",1992,19.7989898732233,"Y",10,5,0,0,0,0,"None","None",0,7,2007,"WD","Normal",12.0070117647319
1126,"20","RL",60,102.146952964834,"Pave","None","Reg","Lvl","AllPub","Inside","Gtl","NAmes","Norm","Norm","1Fam","4","5",1955,1955,"Gable","CompShg","Plywood","None",0,"TA","TA","CBlock","TA","TA","No","Unf","Unf",0,31.7017349682947,"GasA","TA","Y","SBrkr",31.7017349682947,0,0,0,1,0,2,1,"Othr",5,"Typ",1,"TA","Detchd",1977,25.9229627936314,"Y",0,0,0,0,0,0,"None","None",0,11,2009,"WD","Normal",11.6526874073454
1127,"120","RL",53,60.6959636219741,"Pave","None","Reg","Lvl","AllPub","Inside","Gtl","Othr","Norm","Norm","TwnhsE","7","5",2007,2007,"Hip","CompShg","VinylSd","BrkFace",130,"Gd","TA","PConc","Gd","TA","No","Unf","Unf",0,37.0540146272978,"GasA","Ex","Y","SBrkr",39.4334883062607,0,0,0,2,0,2,1,"Gd",7,"Typ",1,"TA","Attchd",2007,25.6904651573303,"Y",11.9582607431014,4.47213595499958,0,0,0,0,"None","None",0,6,2009,"WD","Normal",12.0668105781967
1128,"20","RL",182,120.714539306581,"Pave","None","IRG","Lvl","AllPub","Corner","Gtl","Gilbert","Norm","Norm","1Fam","7","5",2004,2004,"Hip","CompShg","VinylSd","None",0,"Gd","TA","PConc","Gd","TA","Av","GLQ","Unf",0,15.1657508881031,"GasA","Ex","Y","SBrkr",39.1152144312159,0,1,0,2,0,3,1,"Gd",7,"Typ",1,"Gd","Attchd",2004,25.0998007960223,"Y",12,6,0,0,0,0,"None","None",0,11,2007,"WD","Othr",12.4645833406817
1129,"60","RL",59,108.609391859084,"Pave","None","IRG","Lvl","AllPub","Inside","Gtl","Gilbert","Norm","Norm","1Fam","7","5",2004,2005,"Gable","CompShg","VinylSd","None",0,"Gd","TA","PConc","Gd","TA","Av","Unf","Unf",0,29.1032644217105,"GasA","Ex","Y","SBrkr",29.1032644217105,0,0,0,2,1,4,1,"Gd",8,"Typ",1,"Gd","BuiltIn",2004,20.8326666559997,"Y",10,6.92820323027551,0,0,0,0,"None","None",0,7,2007,"WD","Normal",12.2783933071098
1130,"Othr","RM",60,84.8528137423857,"Pave","Othr","Reg","Lvl","AllPub","Inside","Gtl","OldTown","Norm","Norm","Othr","5","5",1980,1980,"Gable","CompShg","MetalSd","BrkFace",180,"TA","TA","CBlock","Gd","TA","Gd","GLQ","Unf",0,0,"GasA","TA","Y","SBrkr",30.5941170815567,0,1,0,1,0,2,1,"TA",4,"Typ",0,"None","Detchd",1980,25.9229627936314,"Y",7,0,0,0,0,0,"None","None",0,8,2007,"WD","Normal",11.8493977015914
1131,"50","RL",65,88.3402513014311,"Pave","None","Reg","Lvl","AllPub","Inside","Gtl","Othr","Norm","Norm","1Fam","4","Othr",1928,1950,"Gable","CompShg","Othr","None",0,"TA","TA","BrkTil","TA","TA","No","BLQ","Unf",0,22.3606797749979,"GasA","TA","Y","SBrkr",36.4417343165772,0,1,0,2,0,4,1,"Gd",7,"Othr",2,"TA","Detchd",1981,24,"Y",20.7605394920267,6.6332495807108,0,0,0,0,"MnPrv","None",0,12,2009,"WD","Normal",11.8130300574206
1132,"20","RL",63,103.498792263485,"Pave","None","Reg","Lvl","AllPub","Inside","Gtl","Othr","Norm","Norm","1Fam","5","5",1991,1992,"Gable","CompShg","HdBoard","None",0,"TA","TA","PConc","Gd","TA","Mn","BLQ","Unf",0,27.6043474836845,"GasA","TA","Y","SBrkr",31.2089730686545,0,0,0,1,0,3,1,"TA",5,"Typ",0,"None","None",1979,0,"Y",0,5.29150262212918,0,0,0,0,"MnPrv","None",0,9,2007,"Othr","Abnorml",11.4457167152768
1133,"Othr","RM",90,99.498743710662,"Pave","None","Reg","Lvl","AllPub","Inside","Gtl","OldTown","Norm","Norm","1Fam","6","Othr",1880,1950,"Gable","CompShg","Wd Sdng","None",0,"TA","TA","BrkTil","TA","TA","Mn","Unf","Unf",0,31.7490157327751,"Othr","TA","Y","SBrkr",34.322004603461,0,0,0,2,0,5,1,"Othr",8,"Typ",0,"None","Detchd",1930,14.3178210632764,"N",0,6.92820323027551,0,0,0,0,"None","None",0,5,2007,"WD","Normal",11.6741936125664
1134,"60","RL",80,99.1362698511498,"Pave","None","IRG","Lvl","AllPub","Inside","Gtl","Othr","Norm","Norm","1Fam","8","5",1995,1995,"Gable","CompShg","VinylSd","None",0,"Gd","TA","PConc","Gd","TA","No","GLQ","Unf",0,23.3238075793812,"GasA","Ex","Y","SBrkr",33.7934904974316,0,0,0,2,1,3,1,"Gd",8,"Typ",1,"TA","Attchd",1995,21.5870331449229,"Y",0,12.4498995979887,0,0,0,0,"None","None",0,6,2009,"WD","Normal",12.3863086958331
1135,"60","RL",57,93.6642941573789,"Pave","None","IRG","Othr","AllPub","Inside","Gtl","Gilbert","Norm","Norm","1Fam","6","5",1997,1997,"Gable","CompShg","VinylSd","None",0,"TA","TA","PConc","Gd","TA","Av","Unf","Unf",0,30.2654919008431,"GasA","Gd","Y","SBrkr",30.2654919008431,0,0,0,2,1,3,1,"TA",7,"Typ",1,"TA","Attchd",1997,21.4476105895272,"Y",10,6.16441400296898,0,0,0,0,"None","None",0,8,2007,"WD","Normal",12.0376539939052
1136,"Othr","RM",60,78.6129760281342,"Pave","None","Reg","Lvl","AllPub","Corner","Gtl","Othr","Norm","Norm","1Fam","6","5",1926,1950,"Gable","CompShg","Wd Sdng","None",0,"TA","TA","BrkTil","TA","TA","No","Unf","Unf",0,30.9838667696593,"GasA","TA","N","SBrkr",31.4006369362152,0,0,0,1,0,2,1,"TA",5,"Typ",1,"Gd","Detchd",1926,13.4164078649987,"Y",0,11.3137084989848,0,0,0,0,"None","None",0,5,2007,"WD","Normal",11.5327280922664
1137,"50","RL",80,97.9795897113271,"Pave","None","Reg","Lvl","AllPub","Inside","Gtl","NAmes","Norm","Norm","1Fam","6","5",1950,1950,"Gable","CompShg","VinylSd","None",0,"TA","TA","CBlock","TA","TA","No","BLQ","Unf",0,27.4226184016042,"GasA","TA","Y","FuseA",32.124756808418,0,0,0,1,0,3,1,"TA",6,"Typ",0,"None","Attchd",1950,16.9705627484771,"Y",0,0,96,0,0,0,"None","None",0,4,2008,"WD","Abnorml",11.6868787720937
1138,"50","RL",54,79.6366749682582,"Pave","None","Reg","Lvl","AllPub","Inside","Gtl","Sawyer","Feedr","Norm","1Fam","5","Othr",1875,1996,"Gable","CompShg","VinylSd","None",0,"TA","Gd","CBlock","TA","TA","No","Unf","Unf",0,27.9284800875379,"GasA","Gd","N","SBrkr",27.9284800875379,0,0,0,1,0,2,1,"TA",6,"Typ",0,"None","None",1975,0,"N",0,0,176,0,0,0,"None","None",0,5,2010,"WD","Normal",11.4510500612521
1139,"20","RL",69.6169611544771,99.0908673894825,"Pave","None","IRG","Lvl","AllPub","Inside","Othr","Othr","Norm","Norm","1Fam","6","5",1977,1977,"Gable","CompShg","Plywood","None",0,"TA","TA","PConc","TA","TA","Gd","ALQ","Unf",0,0,"GasA","TA","Y","SBrkr",39.585350825779,0,1,0,2,0,2,1,"Gd",5,"Typ",2,"TA","Attchd",1977,26.7207784317748,"Y",16.2480768092719,5.65685424949238,0,0,0,0,"None","None",0,5,2009,"WD","Normal",12.1858699382127
1140,"Othr","RL",98,93.4398202053065,"Pave","None","IRG","Lvl","AllPub","Inside","Gtl","Othr","Norm","Norm","1Fam","5","5",1920,1950,"Gable","CompShg","Othr","None",0,"TA","Othr","BrkTil","TA","TA","No","BLQ","Unf",0,16.431676725155,"GasA","TA","Y","SBrkr",34.1613817050774,0,0,0,1,0,3,1,"TA",6,"Othr",1,"Gd","Detchd",1972,22.248595461287,"Y",0,0,216,0,126,0,"None","None",0,5,2007,"WD","Normal",11.8775685785581
1141,"20","RL",60,85.7321409974112,"Pave","None","Reg","Lvl","AllPub","Corner","Gtl","NAmes","Norm","Norm","1Fam","5","7",1951,1951,"Gable","CompShg","HdBoard","None",0,"TA","TA","CBlock","TA","TA","Mn","ALQ","Unf",0,10,"GasA","TA","Y","SBrkr",30.854497241083,0,1,0,1,0,2,1,"TA",4,"Typ",0,"None","Detchd",1988,28.9827534923789,"Y",0,0,0,0,0,0,"None","None",0,6,2008,"Othr","Abnorml",11.8422292121128
1142,"60","RL",70.8937182507212,101.508620323596,"Pave","None","IRG","Lvl","AllPub","CulDSac","Gtl","Othr","Othr","Norm","1Fam","5","7",1976,1976,"Gable","CompShg","Plywood","BrkFace",44,"TA","Gd","CBlock","TA","TA","No","ALQ","Unf",0,19.9749843554382,"GasA","Ex","Y","SBrkr",32.9848450049413,0,1,0,2,1,4,1,"Gd",9,"Typ",1,"TA","Attchd",1976,22,"Y",21.1660104885167,9.79795897113271,0,0,0,0,"None","None",0,10,2009,"WD","Normal",12.1934938633233
1143,"60","RL",77,99.8248466064436,"Pave","None","Reg","Lvl","AllPub","Inside","Gtl","CollgCr","Norm","Norm","1Fam","8","5",2006,2007,"Hip","CompShg","VinylSd","Stone",340,"Gd","TA","PConc","Ex","TA","Gd","GLQ","Unf",0,17.7763888346312,"GasA","Ex","Y","SBrkr",38.2883794381533,0,1,0,3,0,4,1,"Gd",11,"Typ",1,"TA","BuiltIn",2006,32.4345494804537,"Y",11.1803398874989,12,0,0,0,0,"None","None",0,4,2007,"New","Partial",12.9595385187621
1144,"20","RL",67.4609527795826,94.8683298050514,"Pave","None","Reg","Lvl","AllPub","Inside","Gtl","Sawyer","Norm","Norm","1Fam","5","Othr",1959,1959,"Gable","CompShg","Wd Sdng","None",0,"TA","TA","CBlock","TA","TA","No","GLQ","Unf",0,26.7955220139485,"GasA","TA","Y","SBrkr",31.7175030543074,0,0,0,1,0,3,1,"TA",5,"Typ",0,"None","None",1948,0,"Y",0,4.89897948556636,0,0,0,0,"None","None",0,7,2008,"WD","Normal",11.289781913656
1145,"Othr","RL",60,110.363037290571,"Pave","None","Reg","Lvl","AllPub","Inside","Gtl","Edwards","Norm","Norm","Othr","4","Othr",1941,1950,"Gable","CompShg","MetalSd","None",0,"TA","Othr","BrkTil","Gd","TA","No","BLQ","Unf",0,18,"Othr","Othr","N","FuseA",25.9229627936314,0,1,0,1,0,2,1,"Othr",5,"Typ",0,"None","Detchd",1941,16.7332005306815,"Y",0,0,0,0,0,0,"MnPrv","None",0,7,2010,"WD","Normal",11.289781913656
1146,"50","RM",52,78.993670632526,"Pave","None","Reg","Lvl","AllPub","Inside","Gtl","Othr","Norm","Norm","1Fam","5","6",1928,1950,"Gable","CompShg","MetalSd","None",0,"TA","TA","BrkTil","TA","TA","No","Unf","Unf",0,32.2800247831379,"GasA","Ex","Y","SBrkr",32.2800247831379,0,0,0,1,0,3,1,"TA",8,"Typ",1,"Gd","Detchd",1928,15,"Y",0,0,0,0,0,0,"None","None",0,8,2006,"WD","Othr",11.9117015849276
1147,"20","RL",73.2524282676998,105.830052442584,"Pave","None","Reg","Lvl","AllPub","Inside","Gtl","Othr","Norm","Norm","1Fam","6","5",1985,1985,"Gable","CompShg","Wd Sdng","BrkFace",85,"Gd","TA","CBlock","Gd","TA","No","GLQ","Unf",0,6.32455532033676,"GasA","TA","Y","SBrkr",36.0277670693036,0,1,0,2,0,3,1,"Gd",5,"Typ",1,"TA","Attchd",1985,20.0748598998847,"Y",12.8452325786651,5.09901951359278,0,0,0,0,"None","None",0,5,2006,"WD","Normal",12.1007121298723
1148,"Othr","RL",75,109.544511501033,"Pave","None","Reg","Othr","AllPub","Inside","Gtl","Othr","Norm","Norm","1Fam","7","7",1941,1950,"Gable","CompShg","MetalSd","None",0,"TA","TA","CBlock","TA","TA","No","Rec","Unf",0,20.712315177208,"GasA","Ex","Y","SBrkr",29.3257565972304,0,0,0,1,1,3,1,"Othr",7,"Typ",1,"Gd","Attchd",1941,15.2970585407784,"Y",0,0,0,0,0,0,"None","None",0,7,2009,"WD","Normal",12.0696800206246
1149,"50","RM",58.7737395474067,75.4983443527075,"Pave","None","Reg","Lvl","AllPub","Inside","Gtl","OldTown","Norm","Norm","1Fam","7","7",1926,1950,"Gable","CompShg","Wd Sdng","None",0,"TA","TA","PConc","TA","TA","No","Unf","Unf",0,23.9165214862028,"GasA","TA","Y","SBrkr",23.9165214862028,0,0,0,1,0,2,1,"TA",5,"Typ",1,"Gd","Detchd",1982,16.9705627484771,"Y",0,0,176,0,0,0,"None","None",0,8,2008,"WD","Normal",11.6690741474602
1150,"Othr","RM",50,94.8683298050514,"Pave","None","Reg","Lvl","AllPub","Inside","Gtl","OldTown","Othr","Norm","1Fam","7","Othr",1920,1988,"Hip","CompShg","VinylSd","None",0,"TA","Gd","PConc","TA","TA","No","ALQ","Unf",0,5.09901951359278,"GasA","Ex","Y","SBrkr",28.8444102037119,0,0,1,1,0,3,1,"TA",7,"Typ",0,"None","Detchd",1930,18,"Y",0,0,0,0,0,0,"None","None",0,7,2009,"WD","Normal",11.870599909242
1151,"20","RL",57,90.9945053286186,"Pave","None","IRG","Lvl","AllPub","Inside","Gtl","NAmes","Norm","Norm","1Fam","6","5",1950,1950,"Gable","CompShg","Othr","None",0,"TA","TA","CBlock","TA","TA","No","Unf","Unf",0,30.5286750449475,"GasA","Ex","Y","FuseA",30.5286750449475,0,0,0,1,0,2,1,"Gd",4,"Typ",1,"Gd","Attchd",1950,17.4928556845359,"Y",0,0,214,0,0,0,"Othr","None",0,11,2007,"WD","Normal",11.7280368445872
1152,"20","RL",134,133.247889289099,"Pave","None","Reg","Lvl","AllPub","Inside","Gtl","Edwards","Norm","Norm","1Fam","5","Othr",1959,1959,"Gable","CompShg","HdBoard","BrkFace",132,"TA","TA","CBlock","TA","TA","No","BLQ","Unf",0,35.9165699921359,"GasA","TA","Y","SBrkr",38.2883794381533,0,0,0,1,1,3,1,"Othr",6,"Typ",2,"Gd","Attchd",1959,22.9782505861521,"Y",0,11.8321595661992,0,0,100,0,"None","None",0,11,2006,"WD","Normal",11.9177236840907
1153,"20","RL",90,118.806565475145,"Pave","None","IRG","Lvl","AllPub","Inside","Gtl","Othr","Norm","Norm","1Fam","6","7",1956,2004,"Gable","CompShg","Othr","None",0,"TA","TA","PConc","TA","TA","No","ALQ","Othr",23.388031127053,15.1657508881031,"GasA","Ex","Y","SBrkr",42.5558456619064,0,0,0,1,0,2,1,"Ex",6,"Typ",1,"Gd","Attchd",1956,21.6794833886788,"Y",0,0,280,0,0,0,"None","None",0,7,2006,"WD","Abnorml",12.3458345879053
1154,"Othr","RM",59.2739124304714,76.7463354173996,"Pave","None","Reg","Lvl","AllPub","Corner","Gtl","Othr","Norm","Norm","1Fam","6","Othr",1930,2007,"Gable","CompShg","Wd Sdng","None",0,"Gd","Gd","BrkTil","TA","TA","Av","ALQ","Unf",0,16.6733320005331,"GasA","Ex","Y","SBrkr",28.5657137141714,0,0,0,1,0,2,1,"TA",5,"Typ",0,"None","Detchd",2002,20.7846096908265,"Y",0,0,96,0,0,0,"None","None",0,6,2008,"WD","Normal",11.6994050319128
1155,"60","RL",79.8336504132876,117.046999107196,"Pave","None","IRG","Lvl","AllPub","Inside","Gtl","NAmes","Norm","Norm","1Fam","7","6",1965,1988,"Gable","CompShg","VinylSd","Stone",288,"TA","TA","CBlock","TA","TA","Gd","ALQ","Unf",0,20.2484567313166,"GasA","TA","Y","SBrkr",30.0333148353624,0,0,0,1,2,4,1,"Gd",8,"Typ",2,"Gd","Attchd",1965,22.1810730128188,"Y",7.74596669241483,9.16515138991168,0,0,273,0,"Othr","None",0,5,2008,"WD","Normal",12.2150323869016
1156,"20","RL",90,103.768974168583,"Pave","None","IRG","Lvl","AllPub","Corner","Gtl","Othr","Norm","Norm","1Fam","5","Othr",1976,2004,"Gable","CompShg","Plywood","None",0,"Gd","Gd","CBlock","Gd","TA","Gd","ALQ","Unf",0,16.7332005306815,"GasA","TA","Y","SBrkr",37.9077828420497,0,1,0,2,0,3,1,"Gd",6,"Typ",1,"Othr","Attchd",1976,22.9782505861521,"Y",0,4.58257569495584,0,0,180,0,"None","None",0,7,2007,"WD","Normal",12.2922503417712
1157,"Othr","RL",85,96.6953980290686,"Pave","None","Reg","Lvl","AllPub","Inside","Gtl","NAmes","Norm","Norm","1Fam","5","Othr",1965,1999,"Gable","CompShg","Othr","None",0,"TA","Gd","PConc","TA","TA","Gd","ALQ","Unf",0,24.2074368738204,"GasA","Gd","Y","SBrkr",35.5668384875575,0,0,1,2,0,3,1,"Gd",6,"Typ",1,"Gd","Attchd",1965,22.4053565024081,"Y",0,9.59166304662544,0,96,0,0,"MnPrv","None",0,10,2008,"WD","Normal",12.1001564199386
1158,"120","RL",34,70.7177488329486,"Pave","None","IRG","Lvl","AllPub","Inside","Gtl","NridgHt","Norm","Norm","Othr","7","5",2007,2008,"Gable","CompShg","VinylSd","Stone",166,"Gd","TA","PConc","Gd","TA","No","GLQ","Unf",0,20.2484567313166,"GasA","Ex","Y","SBrkr",36.2491379207837,0,1,0,2,0,2,1,"Gd",6,"Typ",1,"Gd","Attchd",2008,25.0199920063936,"Y",13.114877048604,7.87400787401181,0,0,0,0,"None","None",0,7,2009,"WD","Normal",12.3458345879053
1159,"20","RL",92,109.233694435371,"Pave","None","Reg","Lvl","AllPub","Othr","Gtl","Somerst","Feedr","Norm","1Fam","8","5",2007,2008,"Gable","CompShg","VinylSd","Stone",186,"Gd","TA","PConc","Gd","TA","No","Unf","Unf",0,39.7492138287036,"GasA","Ex","Y","SBrkr",39.7492138287036,0,0,0,2,0,3,1,"Gd",7,"Typ",0,"None","Attchd",2008,28.8097205817759,"Y",0,4.89897948556636,0,0,0,0,"None","None",0,6,2008,"Othr","Partial",12.3678853256926
1160,"60","RL",76,95.4986910905066,"Pave","None","Reg","Lvl","AllPub","Inside","Gtl","Othr","Norm","Norm","1Fam","6","6",1974,1974,"Hip","CompShg","HdBoard","BrkFace",270,"Gd","TA","CBlock","TA","TA","No","ALQ","Unf",0,21.4242852856285,"GasA","TA","Y","SBrkr",30.7083050655682,0,0,0,2,1,4,1,"Gd",8,"Typ",1,"TA","Attchd",1974,23.2379000772445,"Y",0,8.30662386291807,0,0,0,0,"None","None",0,7,2008,"WD","Normal",12.1281111040605
1161,"Othr","RL",24,47.7493455452533,"Pave","None","Reg","Lvl","AllPub","Inside","Gtl","Othr","Norm","Norm","Othr","6","5",1978,1978,"Gable","CompShg","Plywood","None",0,"TA","TA","CBlock","Gd","TA","No","ALQ","Unf",0,23.3238075793812,"GasA","Othr","Y","SBrkr",29.2403830344269,0,0,0,2,1,3,1,"TA",7,"Typ",1,"TA","Attchd",1978,20.976176963403,"Y",5.09901951359278,0,0,0,0,0,"None","None",0,7,2010,"WD","Normal",11.8913619006905
1162,"20","RL",82.671473402465,121.564797536129,"Pave","None","IRG","Othr","AllPub","CulDSac","Gtl","Othr","Othr","Norm","1Fam","6","7",1954,2006,"Hip","CompShg","HdBoard","BrkFace",72,"Gd","TA","CBlock","TA","TA","No","BLQ","Unf",0,23.832750575626,"GasA","Ex","Y","SBrkr",40.4969134626332,0,1,0,1,0,3,1,"Gd",7,"Typ",1,"Gd","Detchd",1993,30.3973683071413,"Y",10.3923048454133,0,0,216,0,0,"None","None",0,11,2008,"WD","Normal",12.3194013308372
1163,"20","RL",109,93.4023554306849,"Pave","None","Reg","Lvl","AllPub","Inside","Gtl","Sawyer","Norm","Norm","1Fam","5","5",1968,1968,"Gable","CompShg","VinylSd","None",0,"TA","TA","CBlock","Gd","TA","No","BLQ","Unf",0,20.0499376557634,"GasA","Gd","Y","SBrkr",29.8998327754521,0,0,0,1,0,3,1,"TA",5,"Typ",1,"Othr","Attchd",1968,21.2132034355964,"Y",0,0,0,0,0,0,"None","None",0,5,2007,"WD","Normal",11.7675676833438
1164,"Othr","RL",60,113.578166916005,"Pave","None","Reg","Lvl","AllPub","Inside","Gtl","Sawyer","Feedr","Norm","Othr","4","Othr",1969,1969,"Gable","CompShg","Plywood","None",0,"TA","TA","CBlock","Gd","TA","Av","GLQ","Unf",0,0,"GasA","TA","Y","SBrkr",35.4682957019364,0,2,0,0,2,0,2,"TA",6,"Typ",0,"None","Othr",1969,20,"Y",10.9544511501033,0,0,0,0,0,"None","None",0,1,2008,"WD","Othr",11.5987269436613
1165,"Othr","RL",86.3016755379712,127.11018841934,"Pave","None","IRG","Lvl","AllPub","Othr","Gtl","Othr","Feedr","Norm","1Fam","5","7",1978,1978,"Gable","CompShg","Plywood","None",0,"TA","TA","PConc","Gd","TA","Gd","ALQ","Othr",19.7737199332852,17,"GasA","Ex","Y","SBrkr",37.841775856849,0,1,0,1,1,2,1,"Gd",5,"Typ",1,"TA","Attchd",1978,24.2487113059643,"Y",12.9614813968157,13.4164078649987,0,0,0,0,"None","None",0,6,2007,"WD","Normal",12.1756134380455
1166,"20","RL",79,97.6780425684299,"Pave","None","IRG","Lvl","AllPub","Inside","Gtl","NridgHt","Norm","Norm","1Fam","7","5",2009,2009,"Gable","CompShg","VinylSd","Stone",268,"Gd","TA","PConc","Gd","TA","No","Unf","Unf",0,38.7556447501522,"GasA","Ex","Y","SBrkr",38.7556447501522,0,0,0,2,0,3,1,"Gd",7,"Typ",0,"None","Attchd",2009,25.377155080899,"Y",0,10.6770782520313,0,0,0,0,"None","None",0,9,2009,"New","Partial",12.359523080243
1167,"20","RL",64,102.347447452294,"Pave","None","IRG","Lvl","AllPub","Corner","Gtl","CollgCr","Norm","Norm","1Fam","8","5",2008,2008,"Gable","CompShg","VinylSd","Stone",72,"Gd","TA","PConc","Gd","TA","Av","Unf","Unf",0,41.1582312545134,"GasA","Ex","Y","SBrkr",41.1582312545134,0,0,0,2,0,3,1,"Gd",7,"Typ",0,"None","Attchd",2008,27.8567765543682,"Y",12.6491106406735,5.74456264653803,0,0,0,0,"None","None",0,2,2010,"WD","Normal",12.410441041518
1168,"60","RL",58,104.172933144843,"Pave","None","IRG","Lvl","AllPub","Inside","Gtl","Gilbert","Othr","Norm","1Fam","6","5",2000,2000,"Gable","CompShg","VinylSd","None",0,"TA","TA","PConc","Gd","TA","No","GLQ","Unf",0,13.1529464379659,"GasA","Ex","Y","SBrkr",30.967725134404,0,1,0,2,1,3,1,"TA",7,"Typ",1,"TA","Attchd",2000,21.7255609824004,"Y",0,6.16441400296898,0,0,0,0,"None","None",0,2,2006,"WD","Normal",12.0610468734799
1169,"Othr","RL",120,117.166548127014,"Pave","None","Reg","Lvl","AllPub","Corner","Gtl","Edwards","Norm","Norm","1Fam","6","7",1935,1986,"Hip","CompShg","Othr","None",0,"TA","TA","CBlock","TA","TA","No","Rec","Unf",0,22.3830292855994,"GasA","Ex","Y","SBrkr",35.1567916624939,0,0,0,2,0,4,1,"Gd",7,"Typ",2,"TA","Othr",1935,23.2379000772445,"Y",0,0,0,0,90,0,"None","None",0,7,2008,"WD","Normal",12.3673407931263
1170,"60","RL",118,189.103146457165,"Pave","None","IRG","Lvl","AllPub","CulDSac","Gtl","Othr","Norm","Norm","1Fam","Othr","5",1995,1996,"Hip","CompShg","HdBoard","BrkFace",1378,"Gd","Gd","PConc","Ex","TA","Gd","GLQ","Unf",0,23.3023603954621,"GasA","Ex","Y","SBrkr",42.7901857906693,0,1,0,3,1,4,1,"Gd",10,"Typ",1,"TA","Attchd",1995,28.4077454226836,"Y",19,8.71779788708135,0,0,0,0,"None","None",0,7,2006,"WD","Normal",13.3455069287185
1171,"Othr","RL",76,99.3981891183134,"Pave","None","Reg","Lvl","AllPub","Inside","Gtl","Othr","Norm","Norm","1Fam","6","6",1977,1977,"Gable","CompShg","Plywood","None",0,"TA","TA","CBlock","TA","TA","Av","ALQ","Unf",0,23.9582971014219,"GasA","TA","Y","SBrkr",33.436506994601,0,1,0,1,0,3,1,"TA",6,"Typ",1,"Othr","Attchd",1977,18.9208879284245,"Y",14.247806848775,0,0,0,0,24,"Othr","None",0,7,2008,"WD","Normal",12.0494188354848
1172,"20","RL",76,95.4986910905066,"Pave","None","Reg","Lvl","AllPub","Inside","Gtl","NAmes","Norm","Norm","1Fam","6","6",1958,1958,"Hip","CompShg","MetalSd","None",0,"TA","TA","CBlock","TA","TA","No","ALQ","Unf",0,24.4744765010408,"GasA","Ex","Y","SBrkr",35.5105618091294,0,1,0,1,0,3,1,"TA",6,"Typ",1,"TA","Attchd",1958,20.8086520466848,"Y",0,0,0,0,288,0,"None","Othr",1400,11,2008,"WD","Normal",12.0015054797889
1173,"Othr","Othr",35,63.3798075099633,"Pave","Othr","IRG","Lvl","AllPub","Inside","Gtl","Somerst","Norm","Norm","TwnhsE","7","5",2006,2007,"Gable","CompShg","MetalSd","None",0,"Gd","TA","PConc","Gd","TA","No","Unf","Unf",0,25,"GasA","Ex","Y","SBrkr",25,0,0,0,2,1,2,1,"Gd",5,"Typ",0,"None","Detchd",2006,25,"Y",0,7.34846922834953,0,0,0,0,"None","None",0,3,2008,"WD","Normal",12.0546681913709
1174,"50","RL",138,134.275835502893,"Pave","None","IRG","Othr","AllPub","Inside","Gtl","Othr","Norm","Norm","1Fam","5","6",1946,1994,"Gable","CompShg","MetalSd","None",0,"TA","TA","CBlock","TA","TA","No","Rec","Othr",21.6564078277077,31.2569992161756,"GasA","TA","Y","SBrkr",40.4474968323134,479,0,0,3,0,3,1,"Ex",12,"Othr",1,"Gd","None",1950,0,"Y",11.0453610171873,0,0,0,0,0,"MnPrv","None",0,3,2007,"WD","Normal",12.2085695257288
1175,"Othr","RL",80,128.685663537163,"Pave","None","IRG","Lvl","AllPub","Inside","Gtl","Othr","Norm","Norm","1Fam","6","Othr",1932,1950,"Gable","CompShg","Wd Sdng","None",0,"TA","TA","BrkTil","Gd","TA","No","Rec","Unf",0,21.1896201004171,"GasA","TA","Y","SBrkr",34.2052627529741,0,0,0,2,1,4,1,"TA",9,"Typ",1,"Gd","Detchd",1932,18.9736659610103,"Y",0,0,0,0,0,0,"None","None",0,7,2006,"WD","Normal",12.3842188309136
1176,"50","RL",85,103.334408596556,"Pave","None","Reg","Lvl","AllPub","Inside","Gtl","Othr","Norm","Norm","1Fam","8","5",1992,2000,"Hip","CompShg","HdBoard","BrkFace",337,"Gd","TA","PConc","Gd","TA","No","GLQ","Unf",0,31.3528308131818,"GasA","Ex","Y","SBrkr",46.1410879802373,0,0,0,2,1,4,1,"Gd",9,"Typ",1,"TA","Attchd",1992,23.259406699226,"Y",0,5.74456264653803,0,0,0,0,"None","None",0,4,2007,"WD","Normal",12.5602444592508
1177,"20","RL",37,83.3726573883788,"Pave","None","IRG","Lvl","AllPub","CulDSac","Gtl","Othr","Norm","Norm","1Fam","5","5",1984,1985,"Gable","CompShg","HdBoard","None",0,"TA","TA","CBlock","TA","TA","No","ALQ","Unf",0,14.7648230602334,"GasA","TA","Y","SBrkr",30.3809150619266,0,1,0,1,0,3,1,"TA",5,"Typ",0,"None","Attchd",1984,16.2480768092719,"Y",19.0262975904404,0,0,0,0,0,"MnPrv","None",0,10,2008,"WD","Normal",11.6910716503537
1178,"50","RM",54.1668840454953,62.8490254498827,"Pave","Othr","Reg","Othr","AllPub","Inside","Gtl","OldTown","Othr","Norm","1Fam","6","Othr",1926,2004,"Gable","CompShg","MetalSd","None",0,"TA","TA","CBlock","TA","TA","No","Rec","Unf",0,18.7082869338697,"GasA","TA","Y","SBrkr",28.6006992921502,0,0,0,1,0,3,1,"TA",5,"Typ",0,"None","Detchd",1926,14.4913767461894,"N",0,0,116,0,0,0,"None","None",0,12,2009,"WD","Normal",11.6526874073454
1179,"50","RL",54,87.6413144584219,"Pave","None","IRG","Lvl","AllPub","Othr","Gtl","Othr","Norm","Norm","1Fam","5","6",1921,1950,"Gable","CompShg","Wd Sdng","None",0,"TA","TA","BrkTil","TA","TA","No","Unf","Unf",0,27.0370116691915,"GasA","Ex","Y","SBrkr",28.6356421265527,0,0,0,1,1,3,1,"TA",7,"Typ",1,"Gd","Detchd",1921,13.6381816969859,"Y",13.856406460551,0,102,0,0,0,"None","None",0,7,2009,"WD","Normal",11.950535026405
1180,"20","RL",77,91.2962211704296,"Pave","None","Reg","Lvl","AllPub","Corner","Gtl","Edwards","Norm","Norm","1Fam","5","5",1954,1954,"Gable","CompShg","Wd Sdng","None",0,"TA","TA","Othr","Othr","Othr","Othr","Othr","Othr",0,0,"GasA","Gd","Y","SBrkr",33.5261092284804,0,0,0,1,0,3,1,"TA",5,"Othr",1,"Gd","None",1922,0,"N",0,6,190,0,0,0,"None","None",0,4,2006,"WD","Normal",11.4403547721354
1181,"60","RL",73.1734536019527,105.688220724923,"Pave","None","IRG","Lvl","AllPub","Corner","Gtl","Othr","Norm","Norm","1Fam","7","5",1990,1991,"Gable","CompShg","MetalSd","None",0,"TA","TA","Othr","Gd","TA","No","LwQ","Unf",0,0,"GasA","Ex","Y","SBrkr",36.0277670693036,0,0,0,2,1,4,1,"TA",8,"Typ",0,"None","Attchd",1990,26.3248931621764,"Y",0,0,0,0,0,0,"Othr","None",0,4,2006,"WD","Normal",12.4292161968444
1182,"120","RM",64,74.7462373634954,"Pave","None","IRG","Othr","AllPub","Inside","Othr","Othr","Norm","Norm","TwnhsE","8","5",2008,2008,"Hip","CompShg","Othr","Stone",186,"Othr","TA","PConc","Ex","TA","Gd","GLQ","Unf",0,10.9544511501033,"GasA","Ex","Y","SBrkr",40.6448028658032,0,1,1,2,0,2,1,"Gd",5,"Typ",1,"Gd","Attchd",2008,21.9544984001001,"Y",12.7279220613579,7.28010988928052,0,153,0,0,"None","None",0,11,2008,"New","Partial",12.8802918162046
1184,"Othr","RL",60,103.923048454133,"Pave","Othr","Reg","Lvl","AllPub","Inside","Gtl","OldTown","Norm","Norm","1Fam","5","6",1920,1950,"Hip","CompShg","Othr","None",0,"TA","TA","BrkTil","TA","TA","No","Rec","Unf",0,17.2916164657906,"GasA","Ex","Y","SBrkr",33.6154726279432,0,1,0,1,0,2,1,"TA",5,"Typ",1,"Gd","Detchd",1970,26.8328157299975,"Y",15.1327459504216,0,0,0,0,0,"None","None",0,6,2006,"WD","Normal",11.6952470217642
1185,"20","RL",50,187.437989745942,"Othr","None","Reg","Lvl","AllPub","Inside","Othr","Othr","Norm","Norm","1Fam","5","Othr",1963,1963,"Hip","CompShg","MetalSd","BrkFace",226,"TA","TA","CBlock","TA","TA","Gd","Rec","Unf",0,20.3224014329016,"GasA","Gd","Y","SBrkr",39.648455203198,0,1,0,1,1,3,1,"TA",5,"Typ",2,"TA","Othr",1963,31.543620591175,"Y",0,16.2172747402269,0,0,263,0,"None","None",0,5,2007,"WD","Normal",12.1372583295298
1186,"50","RL",60,98.6813052203912,"Pave","None","Reg","Lvl","AllPub","Inside","Gtl","Edwards","Norm","Norm","1Fam","5","7",1924,1950,"Gable","CompShg","Othr","None",0,"TA","Gd","BrkTil","TA","TA","No","BLQ","Unf",0,19.7989898732233,"GasA","Gd","Y","SBrkr",30.8058436014987,0,1,0,1,0,4,1,"TA",7,"Typ",0,"None","Attchd",1965,19.7989898732233,"Y",0,0,236,0,0,0,"None","None",0,3,2006,"WD","Normal",11.5607627943844
1187,"Othr","RL",107,103.029122096619,"Pave","None","IRG","Othr","AllPub","Corner","Othr","OldTown","Othr","Othr","Othr","Othr","5",1900,1970,"Gable","CompShg","HdBoard","None",0,"TA","TA","CBlock","Othr","TA","Mn","BLQ","Unf",0,23.1948270094864,"GasA","TA","Y","SBrkr",31.8433666561813,0,1,0,2,0,3,2,"TA",7,"Typ",0,"None","Othr",1920,20.4939015319192,"Y",0,8.60232526704263,0,0,0,0,"None","None",0,8,2009,"WD","Abnorml",11.4616321705827
1188,"20","RL",89,111.628849317728,"Pave","None","Reg","Lvl","AllPub","Corner","Gtl","Othr","Norm","Norm","1Fam","8","5",1994,1995,"Gable","CompShg","Othr","None",0,"Gd","TA","PConc","Gd","TA","No","GLQ","Unf",0,12.9614813968157,"GasA","Ex","Y","SBrkr",40.2988833592198,0,1,0,2,0,2,1,"Gd",5,"Typ",1,"Othr","Attchd",1994,27.5136329843952,"Y",0,10.6770782520313,192,0,0,0,"Othr","None",0,7,2006,"WD","Normal",12.4760997827432
1189,"60","RL",68,94.5251289340565,"Pave","None","IRG","Lvl","AllPub","Inside","Gtl","CollgCr","Norm","Norm","1Fam","7","5",2002,2002,"Gable","CompShg","VinylSd","BrkFace",95,"Gd","TA","PConc","Gd","TA","No","Unf","Unf",0,28.8270706107991,"GasA","Ex","Y","SBrkr",28.8270706107991,0,0,0,2,1,3,1,"Gd",7,"Typ",0,"None","Attchd",2002,22.2036033111745,"Y",12,8.24621125123532,0,0,0,0,"None","None",0,7,2009,"WD","Normal",12.1807548375459
1190,"60","RL",60,86.6025403784439,"Pave","None","Reg","Lvl","AllPub","Inside","Gtl","Gilbert","Norm","Norm","1Fam","7","5",1999,1999,"Gable","CompShg","VinylSd","None",0,"TA","TA","PConc","TA","TA","No","Unf","Unf",0,31.5277655408689,"GasA","Gd","Y","SBrkr",32.0624390837628,0,0,0,2,1,3,1,"Gd",7,"Typ",1,"TA","Attchd",1999,21.0237960416286,"Y",11.8321595661992,7.74596669241483,0,0,0,0,"None","None",0,6,2010,"WD","Normal",12.1495022940418
1191,"Othr","RL",129.227038860353,180.174915013162,"Pave","None","Reg","Othr","AllPub","Inside","Othr","Othr","Norm","Norm","Othr","4","Othr",1961,1975,"Gable","CompShg","MetalSd","Stone",149,"TA","Gd","CBlock","TA","TA","Av","BLQ","Unf",0,9.48683298050514,"GasA","Ex","Y","SBrkr",40.2740611312045,0,1,0,1,0,3,1,"TA",7,"Typ",1,"TA","Othr",1975,36.8239052790439,"Y",20.952326839757,0,0,0,0,0,"None","None",0,3,2007,"WD","Normal",12.0317192583854
1192,"Othr","Othr",24,51.4295634824952,"Pave","Othr","Reg","Lvl","AllPub","Inside","Gtl","Somerst","Norm","Norm","Othr","8","5",1999,2000,"Gable","CompShg","MetalSd","BrkFace",456,"Gd","TA","PConc","Gd","TA","No","Unf","Unf",0,27.8567765543682,"GasA","Ex","Y","SBrkr",27.6405499221705,0,0,0,2,1,2,1,"Gd",5,"Typ",0,"None","Detchd",1999,22.1810730128188,"Y",14.3527000944073,0,0,0,0,0,"None","None",0,11,2007,"WD","Normal",12.0668105781967
1193,"50","RM",60,97.9795897113271,"Pave","Othr","Reg","Lvl","AllPub","Inside","Gtl","OldTown","Norm","Norm","1Fam","5","Othr",1925,1994,"Othr","CompShg","VinylSd","None",0,"TA","TA","PConc","TA","TA","Mn","Unf","Unf",0,26.4952825989835,"GasA","Gd","Y","SBrkr",29.0172362570938,0,0,0,1,0,3,1,"Gd",6,"Typ",0,"None","Detchd",1925,15.8113883008419,"Othr",0,0,84,0,0,0,"Othr","None",0,7,2007,"WD","Normal",11.7360690162844
1194,"120","RM",55.6147529175246,67.0820393249937,"Pave","None","Reg","Lvl","AllPub","Othr","Gtl","Othr","Norm","Norm","TwnhsE","6","5",1999,1999,"Hip","CompShg","VinylSd","BrkFace",425,"TA","TA","PConc","Ex","TA","No","GLQ","Unf",0,18.4661853126194,"GasA","Ex","Y","SBrkr",34.9857113690718,0,1,0,2,0,2,1,"TA",5,"Typ",0,"None","Attchd",1999,20.0499376557634,"Y",0,17.4355957741627,0,0,0,0,"None","None",0,6,2009,"WD","Normal",12.0137007528827
1195,"60","RL",80,96.7677632272236,"Pave","None","Reg","Lvl","AllPub","Corner","Gtl","Sawyer","Norm","Norm","1Fam","6","7",1969,1969,"Gable","CompShg","HdBoard","Stone",143,"TA","TA","CBlock","TA","TA","No","ALQ","Unf",0,17.0880074906351,"GasA","TA","Y","SBrkr",25.7487863791675,0,0,0,1,1,4,1,"TA",7,"Typ",0,"None","Attchd",1969,17.2916164657906,"Y",19.4679223339318,6,0,0,0,0,"MnPrv","None",0,3,2010,"WD","Normal",11.9703503120091
1196,"60","RL",51,89.6046873773911,"Pave","None","IRG","Lvl","AllPub","Inside","Gtl","Gilbert","Norm","Norm","1Fam","6","5",2005,2005,"Gable","CompShg","VinylSd","None",0,"TA","TA","PConc","Gd","TA","No","Unf","Unf",0,26.9814751264641,"GasA","Ex","Y","SBrkr",26.9814751264641,0,0,0,2,1,3,1,"Gd",8,"Typ",0,"None","Attchd",2005,20,"Y",10,4.89897948556636,0,0,0,0,"None","None",0,7,2008,"WD","Normal",12.0782392740203
1197,"60","RL",58,118.549567692168,"Pave","None","IRG","Lvl","AllPub","Inside","Gtl","Gilbert","Norm","Norm","1Fam","7","5",2006,2006,"Gable","CompShg","VinylSd","None",0,"Gd","TA","PConc","Gd","TA","Av","Unf","Unf",0,29.6479341607472,"GasA","Ex","Y","SBrkr",29.6479341607472,0,0,0,2,1,4,1,"Gd",9,"Typ",1,"Gd","BuiltIn",2006,25.6904651573303,"Y",10,4.12310562561766,0,0,0,0,"None","None",0,11,2006,"New","Partial",12.2977854534534
1198,"Othr","RM",65,94.0744386111339,"Pave","None","IRG","Othr","AllPub","Corner","Gtl","OldTown","Norm","Norm","1Fam","7","6",1916,1950,"Gable","CompShg","MetalSd","None",0,"TA","TA","BrkTil","TA","TA","No","Unf","Unf",0,28.5482048472404,"GasA","Ex","Y","SBrkr",28.5482048472404,0,0,0,1,0,3,1,"TA",7,"Typ",1,"Gd","Detchd",1916,15,"Y",0,0,330,0,0,0,"None","None",0,7,2006,"Othr","Normal",11.8775685785581
1199,"20","RL",70,95.3939201416946,"Pave","None","Reg","Lvl","AllPub","Inside","Gtl","CollgCr","Norm","Norm","1Fam","7","5",2001,2001,"Gable","CompShg","VinylSd","None",0,"Gd","TA","PConc","Gd","TA","No","Unf","Unf",0,34.8137903710584,"GasA","Ex","Y","SBrkr",34.8137903710584,0,0,0,2,0,3,1,"Gd",6,"Typ",0,"None","Attchd",2001,23.9374184071716,"Y",18.8679622641132,0,0,0,0,0,"None","None",0,6,2009,"WD","Normal",12.0895388292742
1200,"20","RL",75,105.995282913911,"Pave","None","Reg","Lvl","AllPub","Inside","Gtl","Sawyer","Norm","Norm","1Fam","4","5",1963,1979,"Gable","CompShg","HdBoard","BrkFace",51,"TA","TA","CBlock","TA","TA","No","Rec","Unf",0,22.4499443206436,"GasA","Gd","Y","SBrkr",37.1752605908822,0,0,0,1,1,3,1,"TA",6,"Typ",1,"Othr","Attchd",1974,21.4242852856285,"Y",0,9.05538513813742,0,0,0,0,"None","None",0,10,2006,"WD","Normal",11.9049675527463
1201,"20","RL",71,96.7109094156393,"Pave","None","Reg","Lvl","AllPub","Inside","Gtl","NAmes","Norm","Norm","1Fam","4","5",1970,1970,"Gable","CompShg","MetalSd","None",0,"TA","TA","CBlock","TA","TA","No","Unf","Unf",0,29.3938769133981,"GasA","Gd","Y","SBrkr",29.3938769133981,0,0,0,1,0,3,1,"TA",5,"Typ",0,"None","Attchd",1972,16.7332005306815,"Y",0,0,0,0,0,0,"None","Othr",0,7,2006,"Othr","Abnorml",11.6617764117026
1202,"60","RL",80,101.980390271856,"Pave","None","Reg","Lvl","AllPub","Corner","Gtl","CollgCr","Norm","Norm","1Fam","7","5",1998,1998,"Gable","CompShg","VinylSd","None",0,"TA","TA","PConc","Gd","TA","Av","Unf","Unf",0,29.4278779391243,"GasA","Ex","Y","SBrkr",29.4278779391243,0,0,0,2,1,3,1,"Gd",6,"Typ",0,"None","Attchd",1998,23.3666428910958,"Y",14.0712472794703,6,0,0,0,0,"None","None",0,3,2009,"WD","Normal",12.1955171315907
1203,"50","RM",50,77.4596669241483,"Pave","None","Reg","Lvl","AllPub","Corner","Gtl","Othr","Norm","Norm","1Fam","5","Othr",1925,1997,"Gable","CompShg","Wd Sdng","None",0,"TA","TA","BrkTil","TA","TA","No","Unf","Unf",0,29.732137494637,"GasA","Ex","Y","SBrkr",29.732137494637,0,1,0,1,0,3,1,"TA",5,"Typ",1,"Othr","Detchd",1960,14.6969384566991,"N",0,0,208,0,0,0,"None","None",0,5,2009,"WD","Normal",11.6699292137799
1204,"20","RL",75,98.7420882906575,"Pave","None","Reg","Lvl","AllPub","Inside","Gtl","CollgCr","Norm","Norm","1Fam","7","5",2000,2001,"Gable","CompShg","VinylSd","BrkFace",171,"Gd","TA","PConc","Gd","TA","No","Unf","Unf",0,40.3732584763727,"GasA","Ex","Y","SBrkr",40.3732584763727,0,0,0,2,0,3,1,"Gd",6,"Typ",1,"TA","Attchd",2000,21.2367605815953,"Y",8.60232526704263,15.2970585407784,0,0,0,0,"None","None",0,10,2009,"WD","Normal",12.2690474446916
1205,"20","RL",78,100.697567001393,"Pave","None","Reg","Lvl","AllPub","Inside","Gtl","Othr","Norm","Norm","1Fam","5","6",1975,1975,"Gable","CompShg","HdBoard","None",0,"TA","TA","CBlock","Gd","TA","No","ALQ","Unf",0,16.3707055437449,"GasA","Ex","Y","SBrkr",32.7719392163479,0,1,0,1,1,3,1,"TA",6,"Typ",0,"None","Attchd",1975,22.248595461287,"Y",0,9.38083151964686,0,0,0,0,"MnPrv","None",0,7,2006,"WD","Normal",11.9414558460094
1206,"20","RL",90,121.177555677609,"Pave","None","IRG","Lvl","AllPub","CulDSac","Gtl","Othr","Norm","Norm","1Fam","7","7",1990,1991,"Hip","CompShg","HdBoard","BrkFace",234,"Gd","TA","CBlock","Gd","TA","Mn","ALQ","Othr",13.3041346956501,38.6781592116274,"GasA","Gd","Y","SBrkr",46.8614980554399,0,0,0,2,0,3,1,"Gd",7,"Typ",1,"TA","Attchd",1990,26.4764045897475,"Y",9.16515138991168,8.36660026534076,0,0,0,0,"None","None",0,6,2009,"WD","Normal",12.5131896306206
1207,"20","Othr",67.1977038937591,94.339811320566,"Pave","None","Reg","Lvl","AllPub","Inside","Gtl","Othr","Norm","Norm","1Fam","4","Othr",1966,1966,"Gable","CompShg","HdBoard","None",0,"TA","TA","CBlock","TA","TA","No","Rec","Unf",0,0,"GasA","TA","Y","SBrkr",32.4961536185438,0,1,0,1,0,2,1,"TA",5,"Typ",0,"None","Detchd",1966,19.5959179422654,"Y",0,6.48074069840786,0,0,0,0,"MnPrv","None",0,11,2006,"WD","Normal",11.580584113444
1208,"20","RL",70,95.5771939324439,"Pave","None","Reg","Lvl","AllPub","Inside","Gtl","CollgCr","Norm","Norm","1Fam","6","5",2003,2003,"Gable","CompShg","VinylSd","BrkFace",120,"Gd","TA","PConc","Gd","TA","Av","GLQ","Unf",0,36.6333181680284,"GasA","Ex","Y","SBrkr",41.2310562561766,0,1,0,2,0,3,1,"Gd",7,"Typ",0,"None","Attchd",2003,23.3238075793812,"Y",13.856406460551,4.79583152331272,0,0,0,0,"None","None",0,5,2006,"WD","Normal",12.2060726455302
1209,"20","RL",70,88.1078884096084,"Pave","None","Reg","Lvl","AllPub","Inside","Gtl","NAmes","Norm","Norm","1Fam","5","7",1962,1980,"Gable","CompShg","MetalSd","None",0,"TA","Gd","CBlock","TA","TA","No","Rec","Othr",10.3923048454133,17.8605710994918,"GasA","TA","Y","SBrkr",35.8189893771446,0,1,0,1,0,3,1,"TA",6,"Typ",0,"None","Detchd",1980,22.494443758404,"Y",0,0,0,0,0,0,"None","None",0,10,2008,"WD","Normal",11.8493977015914
1210,"20","RL",85,100.905896755343,"Pave","None","IRG","Lvl","AllPub","CulDSac","Gtl","Somerst","Othr","Norm","1Fam","8","5",2006,2006,"Hip","CompShg","VinylSd","Stone",420,"Gd","TA","PConc","Ex","TA","Mn","GLQ","Unf",0,20.976176963403,"GasA","Ex","Y","SBrkr",40.7430975749267,0,1,0,2,0,3,1,"Gd",8,"Typ",1,"Gd","Attchd",2006,22.3606797749979,"Y",17.9443584449264,7.07106781186548,0,0,0,0,"None","None",0,5,2006,"New","Partial",12.5776362019627
1211,"60","RL",70,105.915060307777,"Pave","None","Reg","Lvl","AllPub","Inside","Gtl","Othr","Norm","Norm","1Fam","6","5",1992,1992,"Gable","CompShg","Wd Sdng","None",0,"Gd","TA","PConc","Gd","TA","No","Unf","Unf",0,32.4807635378234,"GasA","Ex","Y","SBrkr",32.4807635378234,0,0,0,2,1,3,1,"Gd",8,"Typ",1,"TA","Attchd",1992,21.4941852602047,"Y",25.1992063367083,10.1980390271856,0,0,0,0,"Othr","Othr",400,5,2010,"WD","Normal",12.1495022940418
1212,"50","RL",152,110.154437041819,"Pave","None","IRG","Othr","AllPub","Inside","Othr","Gilbert","Norm","Norm","1Fam","8","7",1988,2005,"Gable","CompShg","Wd Sdng","None",0,"Gd","TA","Othr","Gd","TA","Av","GLQ","Unf",0,11.4891252930761,"GasA","Gd","Y","SBrkr",32.86335345031,0,0,0,2,0,4,1,"TA",8,"Typ",0,"None","Othr",1988,22.1810730128188,"Y",18.0277563773199,3.46410161513775,0,0,0,0,"None","None",0,6,2010,"WD","Normal",12.0076217068063
1213,"Othr","RL",50,96.6436754267965,"Pave","None","Reg","Lvl","AllPub","Inside","Gtl","Edwards","Norm","Norm","1Fam","4","6",1941,1950,"Hip","CompShg","MetalSd","None",0,"TA","TA","CBlock","TA","TA","No","Rec","Unf",0,18.1107702762748,"GasA","TA","Y","SBrkr",25.9229627936314,0,1,0,1,0,2,1,"TA",4,"Typ",0,"None","Attchd",1941,15.2970585407784,"N",0,10.6301458127346,0,0,0,0,"None","None",0,8,2009,"WD","Normal",11.6351430976945
1214,"Othr","RL",70.7410338969435,101.222527136997,"Pave","None","IRG","Lvl","AllPub","CulDSac","Gtl","Sawyer","Norm","Norm","1Fam","4","Othr",1965,2001,"Gable","CompShg","VinylSd","None",0,"TA","Gd","CBlock","TA","Othr","Av","GLQ","Unf",0,0,"GasA","Ex","Y","SBrkr",30.9838667696593,0,1,1,0,0,0,1,"TA",3,"Typ",0,"None","Attchd",1965,19.0787840283389,"Y",9.38083151964686,0,0,0,0,0,"None","None",0,5,2006,"WD","Normal",11.8844890214027
1215,"Othr","RL",69,101.019800039398,"Pave","None","IRG","Lvl","AllPub","Inside","Gtl","NAmes","Norm","Norm","1Fam","5","5",1962,1962,"Gable","CompShg","MetalSd","None",0,"TA","TA","CBlock","TA","TA","Av","BLQ","Unf",0,11.8743420870379,"GasA","TA","Y","SBrkr",31.6069612585582,0,1,0,1,0,3,1,"TA",6,"Typ",0,"None","Attchd",1962,17.3205080756888,"Y",12.2474487139159,8.48528137423857,0,0,0,0,"None","None",0,5,2006,"WD","Normal",11.809319478024
1216,"20","RL",99,84.2258867569823,"Pave","None","IRG","Lvl","AllPub","Inside","Gtl","Sawyer","Norm","Norm","1Fam","5","5",1966,1966,"Gable","CompShg","VinylSd","None",0,"TA","TA","CBlock","TA","TA","No","Rec","Othr",19.3390796058137,18.4390889145858,"GasA","TA","Y","SBrkr",29.8998327754521,0,0,0,1,0,3,1,"TA",5,"Typ",0,"None","Detchd",1966,19.5959179422654,"Y",0,0,0,0,0,0,"MnPrv","None",0,5,2007,"WD","Normal",11.7360690162844
1217,"Othr","RM",68,94.4986772394196,"Pave","None","Reg","Lvl","AllPub","Inside","Gtl","Sawyer","Othr","Norm","Othr","6","5",1978,1978,"Gable","CompShg","VinylSd","None",0,"TA","TA","Othr","Othr","Othr","Othr","Othr","Othr",0,0,"GasA","TA","Y","SBrkr",36.3042697213427,0,0,0,2,0,4,2,"TA",8,"Typ",0,"None","Attchd",1978,23.2163735324878,"Y",0,0,0,0,0,0,"None","None",0,4,2010,"WD","Normal",11.6262541502772
1218,"20","Othr",72,92.951600308978,"Pave","None","Reg","Lvl","AllPub","Inside","Gtl","Somerst","Norm","Norm","1Fam","8","5",2009,2009,"Gable","CompShg","Othr","Stone",72,"Gd","TA","PConc","Gd","TA","Mn","GLQ","Unf",0,19.0787840283389,"GasA","Ex","Y","SBrkr",36.2491379207837,0,1,0,2,0,3,1,"Gd",6,"Typ",0,"None","Attchd",2009,23.4946802489415,"Y",11.6189500386223,10.5830052442584,0,0,0,0,"None","None",0,9,2009,"New","Partial",12.343466568969
1219,"50","RM",52,78.993670632526,"Pave","None","Reg","Lvl","AllPub","Inside","Gtl","Othr","Norm","Norm","1Fam","4","5",1947,1950,"Gable","CompShg","Othr","None",0,"TA","TA","Othr","Othr","Othr","Othr","Othr","Othr",0,0,"GasA","Gd","N","SBrkr",25.9229627936314,0,0,0,1,0,2,1,"TA",3,"Typ",0,"None","None",1920,0,"N",0,0,0,0,0,0,"None","None",0,7,2006,"WD","Normal",11.2960124634067
1220,"Othr","RM",21,40.9878030638384,"Pave","None","Reg","Lvl","AllPub","Inside","Gtl","Othr","Norm","Norm","Othr","6","5",1971,1971,"Gable","CompShg","Othr","BrkFace",236,"TA","TA","CBlock","TA","TA","No","Unf","Unf",0,25.9229627936314,"GasA","TA","Y","SBrkr",25.9229627936314,0,0,0,1,1,3,1,"TA",7,"Typ",0,"None","None",1969,0,"N",14.1774468787578,0,0,0,0,0,"None","None",0,4,2006,"WD","Abnorml",11.4240942512636
1221,"20","RL",66,88.3176086632785,"Pave","None","IRG","Lvl","AllPub","Inside","Gtl","NAmes","Norm","Norm","1Fam","5","5",1964,1964,"Gable","CompShg","Wd Sdng","None",0,"TA","TA","CBlock","TA","TA","No","Rec","Othr",24.4948974278318,0,"GasA","TA","Y","SBrkr",30.199337741083,0,0,0,1,0,2,1,"TA",5,"Typ",0,"None","Attchd",1964,16.9705627484771,"Y",0,0,0,0,0,0,"None","None",0,11,2006,"WD","Abnorml",11.6526874073454
1222,"20","RL",55,90.8295106229247,"Pave","None","Reg","Lvl","AllPub","Inside","Gtl","Sawyer","Feedr","Norm","1Fam","5","5",1968,1968,"Hip","CompShg","HdBoard","None",0,"TA","TA","CBlock","TA","TA","No","BLQ","Othr",22.1810730128188,14.4913767461894,"GasA","Ex","Y","SBrkr",34.7994252826106,0,0,0,1,0,3,1,"TA",5,"Typ",1,"TA","Attchd",1968,17.9443584449264,"Y",0,7.93725393319377,0,0,0,0,"None","None",0,8,2008,"WD","Normal",11.805595078933
1223,"50","RL",78,102.449987798926,"Pave","None","Reg","Lvl","AllPub","Inside","Gtl","NAmes","Othr","Norm","1Fam","6","6",1949,1950,"Gable","CompShg","Wd Sdng","BrkFace",320,"TA","TA","CBlock","TA","TA","Mn","Rec","Unf",0,29.0516780926679,"GasA","Ex","Y","SBrkr",34.1760149812701,0,0,0,2,0,3,1,"TA",7,"Typ",1,"Gd","Attchd",1949,17.7482393492988,"Y",0,0,0,0,0,0,"Othr","None",0,1,2007,"WD","Normal",11.870599909242
1224,"20","RL",89,103.34408546211,"Pave","None","Reg","Lvl","AllPub","Inside","Gtl","NAmes","Norm","Norm","1Fam","5","Othr",1951,1951,"Hip","CompShg","Wd Sdng","BrkFace",44,"TA","TA","CBlock","TA","Othr","No","LwQ","Unf",0,37.1483512420134,"GasA","TA","N","FuseA",46.2168800331654,0,0,0,2,0,4,1,"TA",7,"Othr",0,"None","Detchd",1951,22.9782505861521,"Y",0,5.47722557505166,0,0,0,0,"MnPrv","None",0,10,2006,"WD","Normal",11.8342840637814
1225,"60","RL",60,124.032253869709,"Pave","None","IRG","Lvl","AllPub","Inside","Gtl","Gilbert","Othr","Norm","1Fam","7","5",2004,2005,"Gable","CompShg","VinylSd","None",0,"Gd","TA","PConc","Gd","TA","Av","GLQ","Unf",0,8,"GasA","Ex","Y","SBrkr",28.0713376952364,0,1,0,2,1,3,1,"Gd",8,"Typ",1,"Gd","Attchd",2004,19.6977156035922,"Y",10,8.66025403784439,0,0,0,0,"None","None",0,2,2008,"WD","Normal",12.1226910365911
1226,"Othr","RL",65,102.381638978872,"Pave","None","Reg","Lvl","AllPub","Inside","Gtl","NAmes","Norm","Norm","1Fam","6","Othr",1958,1958,"Hip","CompShg","VinylSd","BrkFace",63,"TA","Gd","CBlock","TA","TA","Av","GLQ","Unf",0,9,"GasA","Ex","Y","SBrkr",33.734255586866,0,0,1,1,0,3,1,"TA",6,"Typ",0,"None","Attchd",1958,16.2480768092719,"Y",14.9666295470958,0,0,0,0,0,"Othr","None",0,6,2007,"WD","Normal",11.8844890214027
1227,"60","RL",86,120.822183393614,"Pave","None","IRG","Lvl","AllPub","CulDSac","Gtl","Somerst","Feedr","Norm","1Fam","6","5",2007,2007,"Gable","CompShg","VinylSd","Stone",74,"Gd","TA","PConc","Gd","TA","Mn","Unf","Unf",0,29.8998327754521,"GasA","Ex","Y","SBrkr",29.8998327754521,0,0,0,2,1,4,1,"Gd",9,"Typ",1,"Gd","BuiltIn",2007,25.8456959666402,"Y",10,4.24264068711928,0,0,0,0,"None","None",0,1,2008,"WD","Normal",12.273731294004
1228,"20","RL",72,94.1912947145329,"Pave","None","Reg","Lvl","AllPub","Corner","Gtl","NAmes","Norm","Norm","1Fam","5","Othr",1965,2008,"Gable","CompShg","VinylSd","BrkFace",300,"TA","TA","CBlock","TA","TA","No","ALQ","Unf",0,17.8044938147649,"GasA","Ex","Y","SBrkr",30.199337741083,0,1,0,1,0,2,1,"Gd",5,"Typ",0,"None","Detchd",1992,24,"Y",0,15.4919333848297,0,0,0,0,"None","None",0,12,2008,"WD","Normal",11.8981878657609
1229,"120","RL",65,93.6429388688757,"Pave","None","Reg","Lvl","AllPub","Corner","Gtl","NridgHt","Norm","Norm","TwnhsE","Othr","5",2008,2008,"Hip","CompShg","MetalSd","BrkFace",766,"Othr","TA","PConc","Ex","TA","No","GLQ","Unf",0,12.7279220613579,"GasA","Ex","Y","SBrkr",41.2553026894725,0,1,0,1,1,1,1,"Ex",7,"Typ",1,"Gd","Attchd",2008,32.4345494804537,"Y",0,8.48528137423857,0,0,224,0,"None","None",0,10,2008,"New","Partial",12.8139178962537
1230,"Othr","RL",70,88.9381807774366,"Pave","None","Reg","Lvl","AllPub","Inside","Gtl","NAmes","Norm","Norm","1Fam","5","5",1960,1960,"Hip","CompShg","Othr","None",0,"TA","TA","CBlock","TA","TA","No","ALQ","Unf",0,20.2237484161567,"GasA","Gd","Y","SBrkr",38.8200978875633,0,0,0,2,0,4,1,"TA",7,"Othr",0,"None","Othr",1960,20.0997512422418,"Y",0,0,0,0,0,0,"Othr","None",0,8,2008,"WD","Normal",11.7519423654407
1231,"Othr","RL",93.4962675875278,137.440896388229,"Pave","None","IRG","Lvl","AllPub","Inside","Gtl","Sawyer","Feedr","Othr","Othr","5","5",1977,1977,"Othr","CompShg","Plywood","None",1,"TA","TA","CBlock","Gd","TA","No","GLQ","Othr",14.5258390463339,25.5342906696074,"GasA","Ex","Y","SBrkr",36.8917334913934,0,0,0,2,2,4,2,"TA",12,"Typ",1,"TA","BuiltIn",1977,24.4948974278318,"N",12.4498995979887,4.89897948556636,145,0,0,0,"None","Othr",8300,8,2007,"WD","Normal",12.1547793511426
1232,"Othr","RL",70,87.9090439033436,"Pave","None","Reg","Lvl","AllPub","Inside","Gtl","NAmes","Norm","Norm","Othr","5","6",1962,1962,"Hip","CompShg","Wd Sdng","BrkFace",120,"TA","TA","CBlock","TA","TA","Av","ALQ","Unf",0,17.4068951855292,"GasA","TA","Y","SBrkr",34.4963766213207,0,1,0,1,0,3,1,"TA",6,"Typ",0,"None","Attchd",1962,23.2379000772445,"Y",0,4.24264068711928,0,0,0,0,"Othr","None",0,5,2006,"WD","Normal",11.7943379244084
1233,"Othr","RL",70,99.2068546018873,"Pave","None","Reg","Lvl","AllPub","Othr","Gtl","NAmes","Norm","Norm","Othr","4","5",1962,1962,"Gable","CompShg","HdBoard","None",0,"TA","TA","Othr","Othr","Othr","Othr","Othr","Othr",0,0,"GasA","TA","Y","SBrkr",34.9857113690718,0,0,0,2,0,2,2,"TA",6,"Typ",0,"None","Othr",1962,21.4941852602047,"Y",0,0,0,0,0,0,"None","None",0,3,2007,"WD","Normal",11.5307653830986
1234,"20","RL",75.7796175716055,110.272390016722,"Pave","None","IRG","Lvl","AllPub","Inside","Gtl","NAmes","Norm","Norm","1Fam","5","5",1959,1959,"Hip","CompShg","Plywood","BrkFace",180,"TA","TA","CBlock","TA","TA","No","Rec","Unf",0,13.7113092008021,"GasA","Othr","Y","SBrkr",34.4673758792282,0,1,0,1,0,3,1,"TA",6,"Typ",0,"None","Attchd",1959,23.0434372436058,"Y",0,0,0,0,0,0,"MnPrv","None",0,5,2010,"Othr","Abnorml",11.8635823365834
1235,"Othr","Othr",55,92.3309265630969,"Pave","None","Reg","Othr","AllPub","Inside","Gtl","Othr","Norm","Norm","1Fam","5","6",1911,1950,"Gable","CompShg","MetalSd","None",0,"TA","TA","PConc","TA","TA","Av","Unf","Unf",0,30.6594194335118,"GasA","TA","N","FuseA",32,0,0,0,1,1,4,1,"TA",7,"Typ",0,"None","None",1925,0,"N",0,13.856406460551,0,0,0,0,"None","None",0,11,2008,"WD","Abnorml",11.7752897294377
1236,"Othr","RL",96,114.594938806214,"Pave","None","Reg","Lvl","AllPub","Inside","Gtl","Othr","Norm","Norm","1Fam","5","5",1914,1950,"Gable","CompShg","Wd Sdng","None",0,"TA","TA","BrkTil","Gd","TA","Mn","Unf","Unf",0,27.3313007374329,"GasA","Gd","Y","Othr",29.8663690461362,0,0,0,1,1,4,1,"TA",9,"Typ",0,"None","Detchd",1914,13.4164078649987,"N",14.247806848775,6.32455532033676,0,0,0,0,"None","None",0,7,2006,"WD","Normal",11.8414159318498
1237,"Othr","RL",36,51.2640224719052,"Pave","None","Reg","Lvl","AllPub","Inside","Gtl","NridgHt","Norm","Norm","Othr","7","5",2003,2003,"Gable","CompShg","VinylSd","Stone",106,"Gd","TA","PConc","Gd","TA","No","Unf","Unf",0,27.6405499221705,"GasA","Ex","Y","SBrkr",27.6405499221705,0,0,0,2,1,2,1,"Gd",6,"Typ",0,"None","BuiltIn",2003,21.7715410570772,"Y",0,5.19615242270663,0,0,0,0,"None","None",0,6,2010,"WD","Normal",12.0753943218881
1238,"60","RL",41,111.323851891677,"Pave","None","IRG","Lvl","AllPub","Othr","Gtl","CollgCr","Norm","Norm","1Fam","7","5",2004,2005,"Gable","CompShg","VinylSd","None",0,"Gd","TA","PConc","Gd","TA","No","Unf","Unf",0,29.1032644217105,"GasA","Ex","Y","SBrkr",29.1032644217105,0,0,0,2,1,4,1,"Gd",8,"Typ",1,"Gd","BuiltIn",2004,20.8326666559997,"Y",10,6.92820323027551,0,0,0,0,"None","None",0,9,2006,"WD","Normal",12.1807548375459
1239,"20","RL",63,114.332847423652,"Pave","None","Reg","Lvl","AllPub","Inside","Gtl","Othr","Othr","Norm","1Fam","6","5",2005,2005,"Gable","CompShg","VinylSd","None",0,"Gd","TA","PConc","Gd","TA","No","Unf","Unf",0,33.7786915081091,"GasA","Ex","Y","SBrkr",33.7786915081091,0,0,0,1,1,3,1,"TA",6,"Typ",0,"None","Detchd",2005,22,"Y",0,0,0,0,0,0,"None","None",0,3,2006,"WD","Abnorml",11.8670972786908
1240,"20","RL",64,95.0631369143687,"Pave","None","IRG","Othr","AllPub","Inside","Gtl","Othr","Norm","Norm","1Fam","8","5",2006,2006,"Hip","CompShg","VinylSd","BrkFace",32,"Gd","TA","PConc","Gd","TA","Av","GLQ","Unf",0,32.3728281124773,"GasA","Ex","Y","SBrkr",38.5227205685164,0,0,0,2,0,2,1,"Ex",6,"Typ",1,"Gd","Attchd",2006,21.7255609824004,"Y",10.9544511501033,5.74456264653803,0,0,0,0,"None","None",0,12,2007,"WD","Normal",12.4908755772311
1241,"60","RL",65,90.3216474606171,"Pave","None","Reg","Lvl","AllPub","Inside","Gtl","CollgCr","Norm","Norm","1Fam","7","5",2003,2003,"Gable","CompShg","VinylSd","BrkFace",252,"Gd","TA","PConc","Gd","TA","No","GLQ","Unf",0,18.2756668824971,"GasA","Ex","Y","SBrkr",29.732137494637,0,1,0,2,1,3,1,"Gd",8,"Typ",0,"None","Attchd",2003,23.3023603954621,"Y",0,7.93725393319377,0,0,0,0,"None","None",0,7,2008,"WD","Normal",12.3234111379474
1242,"20","RL",83,99.2421281513048,"Pave","None","Reg","Lvl","AllPub","Inside","Gtl","Somerst","Norm","Norm","1Fam","7","6",2007,2007,"Hip","CompShg","VinylSd","Stone",0,"Gd","TA","PConc","Gd","TA","Av","Unf","Unf",0,41.097445176069,"GasA","Ex","Y","SBrkr",41.097445176069,0,0,0,2,0,3,1,"Gd",7,"Typ",0,"None","Attchd",2007,30.886890422961,"Y",0,7.48331477354788,0,0,0,0,"None","None",0,6,2007,"New","Partial",12.4225057319529
1243,"Othr","RL",85,103.077640640442,"Pave","None","Reg","Lvl","AllPub","Inside","Gtl","Othr","Norm","Norm","1Fam","7","6",1974,1974,"Gable","CompShg","Plywood","BrkFace",81,"TA","TA","CBlock","Gd","TA","Gd","GLQ","Othr",12.9614813968157,0,"GasA","TA","Y","SBrkr",34.2490875790874,0,1,0,2,0,3,1,"Gd",6,"Typ",2,"TA","Attchd",1974,22.9782505861521,"Y",0,10.9544511501033,0,0,0,0,"MnPrv","None",0,1,2010,"WD","Othr",12.0435537160324
1244,"20","RL",107,117.860086543325,"Pave","None","Reg","Lvl","AllPub","Inside","Gtl","NridgHt","Norm","Norm","1Fam","Othr","5",2006,2006,"Gable","CompShg","VinylSd","BrkFace",261.6724,"Othr","TA","PConc","Ex","Othr","Gd","GLQ","Unf",0,26.2678510731274,"GasA","Ex","Y","SBrkr",45.5631429995781,0,1,0,2,1,2,1,"Ex",7,"Typ",1,"Gd","Attchd",2006,29.1547594742265,"Y",14.6969384566991,15.1327459504216,0,0,0,0,"None","None",0,9,2006,"New","Partial",13.0497926845695
1245,"Othr","RL",73.8710631493851,106.934559427717,"Pave","None","IRG","Othr","AllPub","Corner","Othr","Othr","Norm","Norm","1Fam","8","7",1929,1950,"Gable","CompShg","Othr","None",0,"TA","TA","PConc","Gd","TA","No","Unf","Unf",0,28.1424945589406,"GasA","Othr","Y","SBrkr",28.1424945589406,0,0,0,1,0,3,1,"Gd",7,"Typ",2,"Gd","Detchd",1931,20,"Y",0,0,0,0,0,0,"None","None",0,6,2006,"WD","Normal",12.3458345879053
1246,"Othr","RL",78,109.954536059228,"Pave","None","Reg","Lvl","AllPub","Inside","Gtl","Othr","Norm","Norm","1Fam","6","7",1984,2003,"Hip","CompShg","VinylSd","BrkFace",74,"TA","TA","CBlock","Gd","TA","No","Unf","Unf",0,24.1867732448956,"GasA","Ex","Y","SBrkr",33.7638860322683,0,0,0,3,1,3,1,"TA",7,"Typ",1,"TA","BuiltIn",1984,21.8403296678416,"Y",16.3707055437449,10.5830052442584,0,0,147,0,"None","None",0,1,2007,"WD","Abnorml",12.0895388292742
1247,"60","Othr",65,90.1387818865997,"Pave","None","Reg","Lvl","AllPub","Inside","Gtl","Somerst","Norm","Norm","1Fam","7","5",2005,2006,"Gable","CompShg","VinylSd","None",0,"Gd","TA","PConc","Gd","TA","No","Unf","Unf",0,27.495454169735,"GasA","Ex","Y","SBrkr",27.495454169735,0,0,0,2,1,3,1,"Gd",6,"Typ",0,"None","Attchd",2005,24.7991935352745,"Y",0,6.70820393249937,0,0,0,0,"None","None",0,3,2006,"New","Partial",12.136186518066
1248,"Othr","RL",76.221875699789,111.031527054256,"Pave","None","IRG","Lvl","AllPub","Inside","Gtl","Othr","Norm","Norm","1Fam","6","5",1976,1976,"Gable","CompShg","HdBoard","BrkFace",335,"TA","TA","CBlock","TA","TA","Av","GLQ","Unf",0,21.7485631709315,"GasA","TA","Y","SBrkr",32.1558703816271,0,1,0,1,0,3,1,"TA",6,"Typ",0,"None","Attchd",1976,29.7993288515027,"Y",0,0,0,0,0,0,"None","None",0,5,2010,"WD","Normal",12.04296530766
1249,"Othr","RM",60,97.9795897113271,"Pave","Othr","Reg","Lvl","AllPub","Inside","Gtl","OldTown","Norm","Norm","1Fam","6","5",1917,1950,"Gable","CompShg","Othr","None",0,"TA","TA","BrkTil","Gd","TA","No","Rec","Unf",0,20.3960780543711,"Othr","Othr","N","SBrkr",33.6749164809655,0,0,0,1,1,3,1,"TA",8,"Typ",1,"Gd","Detchd",1950,19.8997487421324,"Othr",0,0,259,0,0,0,"None","None",0,4,2008,"WD","Normal",11.7714361601217
1250,"20","RL",60,84.8528137423857,"Pave","None","Reg","Lvl","AllPub","Inside","Gtl","NAmes","Norm","Norm","1Fam","5","7",1950,1950,"Gable","CompShg","MetalSd","None",0,"TA","TA","CBlock","TA","TA","No","BLQ","Othr",9.79795897113271,15.6843871413581,"GasA","TA","Y","SBrkr",31.4324672910034,0,0,0,1,0,3,1,"TA",6,"Typ",0,"None","Attchd",1950,16.6132477258361,"Y",0,8.94427190999916,0,0,0,0,"None","None",0,5,2007,"WD","Normal",11.6868787720937
1251,"20","RL",93,105.640901169954,"Pave","None","Reg","Lvl","AllPub","Corner","Gtl","NAmes","Norm","Norm","1Fam","7","5",1968,1968,"Hip","CompShg","Othr","None",0,"Gd","TA","CBlock","TA","TA","No","ALQ","Unf",0,32.3264597504892,"GasA","Ex","Y","SBrkr",45.9347363114234,0,1,0,2,1,3,1,"Ex",8,"Typ",2,"TA","Attchd",1968,22.8473193175917,"Y",0,0,0,0,0,0,"None","None",0,4,2010,"WD","Normal",12.4049235042753
1252,"120","RL",52.0240381148919,56,"Pave","None","IRG","Lvl","AllPub","Corner","Gtl","NridgHt","Norm","Norm","TwnhsE","7","5",2003,2003,"Gable","CompShg","VinylSd","Stone",163,"Gd","TA","PConc","Gd","TA","No","Unf","Unf",0,37.4833296279826,"GasA","Ex","Y","SBrkr",37.4833296279826,0,0,0,2,0,2,1,"Gd",6,"Typ",1,"Gd","Attchd",2003,21.8632111090754,"Y",12.1655250605964,6,0,0,0,0,"None","None",0,3,2006,"WD","Normal",12.0537952100846
1253,"20","RL",62,99.2874614440313,"Pave","None","Reg","Lvl","AllPub","Inside","Gtl","Othr","Norm","Norm","1Fam","5","6",1968,1968,"Gable","CompShg","HdBoard","None",0,"TA","TA","CBlock","TA","TA","No","BLQ","Unf",0,18.8148877222268,"GasA","TA","Y","SBrkr",29.563490998189,0,1,0,1,0,3,1,"TA",5,"Typ",0,"None","Attchd",1968,16.9705627484771,"Y",5.74456264653803,0,0,0,0,0,"Othr","Othr",600,11,2009,"WD","Normal",11.7752897294377
1254,"60","RL",89.9476726066268,132.446215498971,"Pave","None","IRG","Lvl","AllPub","Inside","Gtl","Othr","Norm","Norm","1Fam","7","7",1974,2003,"Gable","CompShg","Wd Sdng","None",0,"Gd","TA","CBlock","TA","TA","Gd","LwQ","Othr",32.1091887160046,6,"GasA","TA","Y","SBrkr",38.9358446678636,0,1,0,2,1,3,1,"Gd",9,"Typ",2,"Gd","Attchd",1974,22.7596133534821,"Y",14.8323969741913,6.85565460040104,0,0,0,0,"MnPrv","None",0,7,2007,"WD","Normal",12.5913350463208
1255,"60","RL",60,83.2526275861609,"Pave","None","Reg","Lvl","AllPub","Inside","Gtl","Edwards","Norm","Norm","1Fam","7","5",2003,2004,"Gable","CompShg","VinylSd","Stone",92,"Gd","TA","PConc","Gd","TA","No","Unf","Unf",0,27.3130005674953,"GasA","Ex","Y","SBrkr",27.5680975041804,0,0,0,2,1,3,1,"Gd",7,"Typ",1,"Gd","BuiltIn",2003,19.9248588451713,"Y",13.3416640641263,11.3137084989848,0,0,0,0,"None","None",0,7,2008,"WD","Normal",12.0161220615717
1256,"50","RM",52,78.993670632526,"Pave","None","Reg","Lvl","AllPub","Inside","Gtl","Othr","Norm","Norm","1Fam","6","6",1931,1950,"Gable","CompShg","Wd Sdng","None",0,"TA","TA","BrkTil","TA","Othr","No","LwQ","Unf",0,21.4242852856285,"GasA","TA","Y","FuseA",30.967725134404,0,0,0,1,0,3,1,"TA",6,"Typ",1,"Gd","Detchd",1978,23.6643191323985,"Y",0,0,0,0,120,0,"None","None",0,11,2007,"WD","Normal",11.7558716435806
1257,"20","RL",91,119.59515040335,"Pave","None","IRG","Lvl","AllPub","Corner","Gtl","Othr","Norm","Norm","1Fam","8","5",1994,1994,"Hip","CompShg","HdBoard","BrkFace",554,"Gd","TA","PConc","Gd","TA","Gd","GLQ","Unf",0,25.9229627936314,"GasA","Ex","Y","SBrkr",44.5757781760453,0,1,0,2,0,2,1,"Gd",7,"Typ",1,"TA","Attchd",1994,26.2868788561898,"Y",16.1864140562386,6,0,0,0,0,"None","None",0,8,2008,"WD","Normal",12.6165252951494
1258,"Othr","RL",56,63.718129288296,"Pave","None","Reg","Lvl","AllPub","Corner","Gtl","Edwards","Feedr","Norm","1Fam","5","Othr",1922,1950,"Gable","CompShg","Wd Sdng","None",0,"TA","TA","PConc","Othr","TA","No","Unf","Unf",0,29.3938769133981,"GasA","Ex","Y","SBrkr",29.3938769133981,0,0,0,1,0,2,1,"TA",4,"Typ",0,"None","None",1969,0,"Y",0,9.79795897113271,0,0,0,0,"None","None",0,7,2009,"WD","Normal",11.5119249646366
1259,"Othr","RL",59,97.9132268899356,"Pave","None","IRG","Lvl","AllPub","Inside","Gtl","Gilbert","Norm","Norm","1Fam","7","5",2005,2005,"Gable","CompShg","VinylSd","Stone",182,"Gd","TA","PConc","Gd","TA","Gd","GLQ","Unf",0,14.1774468787578,"GasA","Ex","Y","SBrkr",34.1467421579277,0,1,0,2,0,2,1,"Gd",5,"Typ",0,"None","Attchd",2005,20,"Y",14.560219778561,0,0,0,0,0,"None","None",0,7,2008,"WD","Normal",12.1547793511426
1260,"20","RL",65,98.7420882906575,"Pave","None","Reg","Lvl","AllPub","Othr","Gtl","NAmes","Norm","Norm","1Fam","6","Othr",1969,1969,"Gable","CompShg","HdBoard","None",0,"TA","TA","CBlock","Gd","TA","No","ALQ","Othr",20.9284495364563,3.74165738677394,"GasA","Gd","Y","SBrkr",32.4653661614959,0,1,0,1,1,3,1,"TA",6,"Typ",0,"None","Attchd",1969,21.4476105895272,"Y",13.4164078649987,0,0,0,80,0,"None","None",0,7,2008,"WD","Normal",11.9250351157971
1261,"60","RL",108.743643054426,157.105060389537,"Pave","None","IRG","Lvl","AllPub","CulDSac","Gtl","Gilbert","Othr","Norm","1Fam","6","5",1999,1999,"Gable","CompShg","VinylSd","None",0,"TA","TA","PConc","Gd","TA","No","Unf","Unf",0,29,"GasA","Ex","Y","SBrkr",29.8663690461362,0,0,0,2,1,3,1,"TA",7,"Typ",1,"TA","BuiltIn",1999,22.4053565024081,"Y",0,10.1488915650922,0,0,0,0,"None","None",0,6,2009,"WD","Normal",12.106252310248
1262,"20","RL",80,97.9795897113271,"Pave","None","Reg","Lvl","AllPub","Inside","Gtl","NAmes","Norm","Norm","1Fam","5","6",1956,1956,"Hip","CompShg","MetalSd","None",0,"TA","TA","CBlock","TA","TA","No","Rec","Unf",0,23.3666428910958,"GasA","Gd","Y","SBrkr",32.4037034920393,0,0,0,1,0,2,1,"TA",5,"Typ",0,"None","Attchd",1956,18.3847763108502,"Y",0,0,0,0,0,0,"None","None",0,6,2009,"WD","Normal",11.7667921889273
1263,"50","RL",73.3840527106116,106.066017177982,"Pave","None","Reg","Lvl","AllPub","Inside","Gtl","Othr","Norm","Norm","1Fam","4","5",1957,1989,"Gable","CompShg","Wd Sdng","None",0,"TA","TA","CBlock","TA","TA","Av","Unf","Unf",0,33.2264954516723,"GasA","Ex","Y","FuseA",33.2264954516723,0,1,0,1,0,5,1,"TA",8,"Othr",2,"TA","Attchd",1957,17.4355957741627,"Y",10.9544511501033,0,0,0,0,0,"None","None",0,11,2009,"WD","Normal",11.9922604216448
1264,"Othr","RL",60,116.254032188135,"Pave","Othr","Reg","Lvl","AllPub","Inside","Gtl","Othr","Norm","Norm","1Fam","6","6",1919,1950,"Othr","CompShg","Wd Sdng","None",0,"TA","TA","PConc","TA","TA","No","Unf","Unf",0,27.6405499221705,"GasA","Ex","Y","FuseA",32.5576411921994,0,0,0,1,0,3,1,"TA",8,"Typ",1,"Gd","Detchd",1940,22.8035085019828,"N",0,0,126,0,0,0,"Othr","None",0,7,2007,"WD","Normal",12.1034860567551
1265,"120","Othr",34,63.718129288296,"Pave","None","Reg","Lvl","AllPub","Inside","Gtl","NAmes","Norm","Norm","TwnhsE","6","5",1998,1999,"Gable","CompShg","MetalSd","None",0,"Gd","TA","PConc","Gd","TA","No","GLQ","Unf",0,33.7490740613724,"GasA","Ex","Y","SBrkr",36.5650105975644,0,1,0,2,0,2,1,"Gd",5,"Typ",0,"None","Attchd",1998,22.6053091109146,"Y",12,8.24621125123532,0,0,0,0,"None","None",0,8,2008,"Othr","Abnorml",12.106252310248
1266,"Othr","Othr",35,61.1146463623901,"Pave","None","Reg","Lvl","AllPub","Othr","Gtl","Somerst","Norm","Norm","TwnhsE","7","5",1999,1999,"Hip","CompShg","MetalSd","BrkFace",218,"Gd","TA","PConc","Gd","TA","No","GLQ","Unf",0,15.52417469626,"GasA","Ex","Y","SBrkr",26.7020598456374,0,1,0,2,1,3,1,"Gd",6,"Typ",0,"None","Detchd",1999,22.494443758404,"Y",0,5.8309518948453,0,0,0,0,"None","None",0,3,2006,"WD","Normal",12.1221474105924
1267,"Othr","RM",60,100.598210719674,"Pave","None","IRG","Othr","AllPub","Inside","Gtl","OldTown","Feedr","Norm","Othr","7","Othr",1910,1950,"Hip","CompShg","Wd Sdng","None",0,"Othr","TA","CBlock","TA","TA","No","Unf","Unf",0,30.4138126514911,"GasA","TA","N","Othr",31.04834939252,0,0,0,1,1,4,2,"TA",9,"Typ",1,"Gd","Detchd",1960,17.5499287747842,"N",0,0,264,0,0,0,"MnPrv","None",0,1,2007,"WD","Normal",11.7117763237154
1268,"20","RL",89,114.952163963972,"Pave","None","IRG","Othr","AllPub","Inside","Gtl","Othr","Norm","Norm","1Fam","Othr","5",2008,2009,"Hip","CompShg","Othr","None",0,"Othr","TA","PConc","Ex","TA","Gd","Unf","Unf",0,44.7437146423942,"GasA","Ex","Y","SBrkr",44.9221548904324,0,0,0,2,0,3,1,"Ex",10,"Typ",1,"Gd","Attchd",2009,27.3130005674953,"Y",12,8.71779788708135,0,0,0,0,"None","None",0,5,2010,"WD","Normal",12.8439713518596
1269,"50","RL",80.8866459565816,118.743420870379,"Pave","None","IRG","Lvl","AllPub","Inside","Othr","Othr","Norm","Norm","1Fam","8","Othr",1935,1997,"Gable","CompShg","Othr","BrkFace",632,"TA","Gd","CBlock","TA","TA","Mn","Rec","Unf",0,23.1516738055805,"GasA","Ex","Y","SBrkr",44.3621460256377,0,0,0,3,1,4,1,"Gd",11,"Typ",2,"Gd","BuiltIn",1982,31.8433666561813,"Y",17.7200451466693,3.46410161513775,0,0,0,0,"Othr","None",0,5,2008,"WD","Normal",12.8505546541088
1270,"50","RL",78,106.508215645555,"Pave","None","Reg","Lvl","AllPub","Inside","Gtl","NAmes","Feedr","Norm","1Fam","5","5",1958,1958,"Gable","CompShg","MetalSd","BrkFace",180,"TA","TA","CBlock","TA","TA","No","BLQ","Unf",0,20.3469899493758,"Othr","TA","Y","FuseA",29.563490998189,0,0,0,1,1,3,1,"TA",7,"Typ",0,"None","Attchd",1958,17.7482393492988,"Y",0,0,0,0,0,0,"Othr","None",0,7,2007,"WD","Normal",11.8775685785581
1271,"Othr","RL",105.882127665524,153.606640481458,"Pave","None","Reg","Othr","AllPub","Inside","Othr","Othr","Norm","Norm","1Fam","7","6",1979,1979,"Othr","Othr","Plywood","None",0,"Gd","TA","PConc","Gd","TA","Gd","GLQ","Unf",0,8.60232526704263,"GasA","TA","Y","SBrkr",36.4965751817893,0,2,0,0,1,0,1,"Gd",4,"Typ",1,"TA","Attchd",1979,24.2074368738204,"Y",16.3707055437449,0,0,0,0,0,"None","None",0,4,2010,"WD","Normal",12.4684369099977
1272,"20","RL",67.8716210414672,95.6869897112455,"Pave","None","IRG","Lvl","AllPub","Inside","Gtl","Othr","Othr","Norm","1Fam","6","7",1968,1968,"Hip","CompShg","Othr","None",0,"TA","TA","CBlock","TA","TA","No","Unf","Unf",0,38.5875627631495,"GasA","Gd","Y","SBrkr",38.5875627631495,0,0,0,2,0,3,1,"Gd",7,"Typ",1,"Gd","Attchd",1968,21.4941852602047,"Y",0,0,0,0,0,0,"None","None",0,8,2009,"WD","Normal",12.13215696258
1273,"20","RL",79.3755973519547,116.301332752467,"Pave","None","IRG","Lvl","AllPub","CulDSac","Gtl","Sawyer","Norm","Norm","1Fam","5","6",1965,1965,"Hip","CompShg","HdBoard","BrkFace",114,"TA","TA","CBlock","TA","TA","No","BLQ","Othr",19.3649167310371,0,"GasA","TA","Y","SBrkr",30.5777697028413,0,1,0,1,0,3,1,"TA",5,"Typ",0,"None","Attchd",1965,16.9705627484771,"Y",13.4164078649987,0,0,0,0,0,"MnPrv","None",0,11,2006,"WD","Normal",11.8277362048103
1274,"Othr","RL",124,107.293988648013,"Pave","None","IRG","Lvl","AllPub","Corner","Gtl","Edwards","Norm","Norm","1Fam","6","7",1959,2006,"Gable","CompShg","Plywood","BrkFace",84,"TA","TA","CBlock","TA","TA","Av","ALQ","Unf",0,17.3205080756888,"GasA","Gd","Y","SBrkr",36.8374809127877,0,1,0,1,0,2,1,"Ex",5,"Typ",1,"Gd","Othr",1959,17.6635217326557,"Y",0,0,0,0,163,0,"Othr","None",0,5,2008,"WD","Normal",12.083905011556
1275,"50","RL",53,73.2256785560912,"Pave","None","Reg","Lvl","AllPub","Corner","Gtl","Othr","Norm","Norm","1Fam","5","6",1910,2003,"Gable","CompShg","Wd Sdng","None",0,"TA","TA","PConc","TA","TA","No","Unf","Unf",0,25.7099202643649,"GasA","Ex","Y","SBrkr",25.7099202643649,0,0,0,2,0,3,1,"TA",8,"Typ",1,"Gd","Detchd",1985,23.4946802489415,"Y",15.556349186104,0,81,0,0,0,"None","None",0,11,2007,"WD","Normal",11.8422292121128
1276,"Othr","RL",95,106.512910015641,"Pave","None","Reg","Lvl","AllPub","Corner","Gtl","NAmes","Feedr","Norm","Othr","5","5",1948,1950,"Gable","Othr","Othr","Stone",567,"TA","TA","CBlock","TA","TA","No","Rec","Unf",0,26.6082693913001,"GasA","Gd","Y","FuseA",30.4630924234556,0,0,0,2,0,4,2,"TA",10,"Typ",0,"None","Detchd",1948,20,"Y",0,0,0,0,0,0,"None","None",0,7,2007,"WD","Normal",11.8277362048103
1277,"60","RL",77.8224289255959,113.736537664903,"Pave","None","IRG","Lvl","AllPub","CulDSac","Gtl","Othr","Norm","Norm","1Fam","6","6",1972,1972,"Gable","CompShg","HdBoard","None",0,"TA","TA","CBlock","TA","Othr","No","BLQ","Unf",0,11.4017542509914,"GasA","TA","Y","SBrkr",27.1108834234519,0,0,1,1,1,3,1,"TA",6,"Typ",1,"TA","Attchd",1972,22.293496809608,"Y",17.1464281994822,10.770329614269,0,0,0,0,"None","None",0,12,2009,"WD","Normal",11.9953516142145
1278,"Othr","RL",90.8137614409862,133.6824595824,"Pave","None","IRG","Lvl","AllPub","CulDSac","Gtl","Othr","Norm","Norm","1Fam","6","5",1967,1976,"Gable","CompShg","HdBoard","BrkFace",359,"TA","TA","CBlock","Gd","TA","Av","ALQ","Unf",0,33.9411254969543,"GasA","Othr","Y","SBrkr",41.5210789840534,0,1,0,1,1,3,1,"TA",7,"Typ",1,"Gd","Attchd",1967,21.9089023002066,"Y",0,0,0,0,0,0,"None","None",0,6,2009,"WD","Normal",12.1955171315907
1279,"60","RL",75,97.3293378175358,"Pave","None","Reg","Lvl","AllPub","Inside","Gtl","CollgCr","Norm","Norm","1Fam","8","5",2002,2002,"Gable","CompShg","VinylSd","BrkFace",261.6724,"Gd","TA","PConc","Gd","TA","No","GLQ","Unf",0,18,"GasA","Ex","Y","SBrkr",33.5857112474933,0,1,0,2,1,3,1,"Gd",7,"Typ",1,"Gd","Attchd",2002,24.0208242989286,"Y",0,14.5258390463339,0,0,0,0,"None","None",0,3,2008,"WD","Normal",12.3758154201173
1280,"50","Othr",60,86.6025403784439,"Pave","None","Reg","Lvl","AllPub","Inside","Gtl","Othr","Norm","Norm","1Fam","4","Othr",1920,1950,"Gable","CompShg","MetalSd","None",0,"TA","Gd","CBlock","TA","TA","No","Unf","Unf",0,26.4196896272458,"GasA","TA","Y","FuseA",26.4196896272458,0,0,0,1,0,2,1,"TA",6,"Typ",0,"None","Detchd",1980,22.9782505861521,"Y",5.47722557505166,0,164,0,0,0,"None","None",0,4,2010,"Othr","Abnorml",11.1331281036106
1281,"20","RL",67,99.0353472251196,"Pave","None","IRG","Lvl","AllPub","Inside","Gtl","CollgCr","Norm","Norm","1Fam","7","5",2002,2002,"Gable","CompShg","VinylSd","BrkFace",110,"Gd","TA","PConc","Gd","TA","No","GLQ","Unf",0,28.0178514522438,"GasA","Ex","Y","SBrkr",39.6610640301039,0,1,0,2,0,3,1,"Gd",6,"Typ",0,"None","Attchd",2002,23.3238075793812,"Y",0,8.48528137423857,0,0,0,0,"None","None",0,3,2009,"WD","Normal",12.3327052964635
1282,"20","RL",50,89.7162192694275,"Pave","None","IRG","Lvl","AllPub","CulDSac","Gtl","Othr","Norm","Norm","1Fam","7","5",1990,1990,"Hip","CompShg","HdBoard","BrkFace",54,"TA","TA","CBlock","Gd","TA","No","ALQ","Unf",0,16,"GasA","TA","Y","SBrkr",36.592348927064,0,1,0,2,0,2,1,"TA",6,"Typ",1,"TA","Attchd",1990,22,"Y",0,7.61577310586391,0,0,90,0,"None","None",0,7,2006,"WD","Normal",12.1007121298723
1283,"20","RL",61,93.8083151964686,"Pave","None","IRG","Lvl","AllPub","Inside","Gtl","CollgCr","Norm","Norm","1Fam","5","7",1977,2008,"Gable","CompShg","HdBoard","None",0,"TA","TA","CBlock","Gd","TA","Mn","LwQ","Othr",12,19.0787840283389,"GasA","TA","Y","SBrkr",32.2490309931942,0,0,0,2,0,3,1,"Gd",5,"Typ",0,"None","Detchd",1977,22,"Y",0,0,0,0,288,0,"None","None",0,9,2009,"WD","Normal",11.9217183631711
1284,"Othr","RL",94,96.9535971483266,"Pave","None","Reg","Othr","AllPub","Corner","Gtl","Othr","Norm","Norm","Othr","6","5",1971,1971,"Othr","CompShg","MetalSd","None",0,"TA","TA","CBlock","TA","TA","Av","Unf","Unf",0,30.199337741083,"GasA","TA","Y","SBrkr",30.199337741083,0,0,0,2,2,4,2,"TA",8,"Typ",0,"None","None",1987,0,"Y",11.3137084989848,0,0,0,0,0,"None","None",0,4,2010,"WD","Normal",11.8422292121128
1285,"50","RL",50,98.173316130199,"Pave","None","Reg","Lvl","AllPub","Inside","Gtl","Othr","Feedr","Norm","1Fam","6","7",1919,1990,"Gable","CompShg","Wd Sdng","None",0,"TA","TA","PConc","TA","TA","No","Unf","Unf",0,28.3548937575157,"GasA","Ex","Y","SBrkr",41.2189276910499,0,0,0,2,0,4,1,"Gd",10,"Othr",1,"Gd","Detchd",1969,18.3303027798234,"Y",16.4924225024706,0,42,0,116,0,"None","None",0,3,2010,"WD","Normal",12.0376539939052
1286,"50","RM",50,77.4596669241483,"Pave","None","Reg","Lvl","AllPub","Inside","Gtl","Othr","Norm","Norm","1Fam","6","6",1939,1950,"Gable","CompShg","MetalSd","None",0,"TA","Othr","CBlock","TA","TA","No","Unf","Unf",0,27.9284800875379,"GasA","Ex","Y","Othr",28.7228132326901,0,0,0,1,0,4,1,"TA",6,"Typ",1,"Gd","Detchd",1939,16.7332005306815,"Y",6.70820393249937,0,0,0,0,0,"None","None",0,5,2009,"WD","Normal",11.7943379244084
1287,"20","RL",69.5406189775883,98.9444288477123,"Pave","None","Reg","Lvl","AllPub","Inside","Gtl","Othr","Feedr","Norm","1Fam","6","5",1963,1963,"Hip","CompShg","HdBoard","BrkFace",451,"TA","TA","CBlock","TA","TA","No","ALQ","Othr",9,26.0384331325831,"GasA","TA","Y","SBrkr",36.4417343165772,0,1,0,1,1,3,1,"TA",6,"Typ",2,"Gd","Attchd",1963,22.9782505861521,"Y",0,5.09901951359278,0,0,0,0,"None","None",0,6,2010,"WD","Normal",11.870599909242
1288,"20","RL",139.854396381048,191.049731745428,"Pave","None","IRG","Othr","AllPub","Inside","Othr","Othr","Norm","Norm","1Fam","5","5",1964,1964,"Gable","CompShg","Wd Sdng","None",621,"TA","Gd","CBlock","TA","TA","Av","Rec","Unf",0,28.49561369755,"GasA","Othr","Y","SBrkr",39.7743636027027,0,0,1,2,0,4,1,"TA",7,"Typ",0,"None","Attchd",1964,19.7484176581315,"N",12.9614813968157,14.0712472794703,0,0,0,0,"None","None",0,6,2006,"WD","Normal",12.1547793511426
1289,"120","RL",40,75.2595508889071,"Pave","None","IRG","Lvl","AllPub","Inside","Gtl","Othr","Norm","Norm","TwnhsE","8","5",2000,2000,"Gable","CompShg","Othr","None",0,"Gd","TA","PConc","Gd","TA","No","GLQ","Unf",0,18.5202591774521,"GasA","Ex","Y","SBrkr",40.7308237088326,0,1,0,2,0,2,1,"Ex",5,"Typ",1,"Othr","Attchd",2000,22.3383079036887,"Y",14.560219778561,7.68114574786861,0,0,0,0,"None","None",0,10,2009,"WD","Normal",12.5353763926728
1290,"60","RL",86,105.190303735658,"Pave","None","IRG","Lvl","AllPub","Inside","Gtl","NridgHt","Norm","Norm","1Fam","8","5",2006,2006,"Gable","CompShg","VinylSd","Stone",788,"Gd","TA","PConc","Gd","TA","Mn","Unf","Unf",0,32.9393381840012,"GasA","Ex","Y","SBrkr",33.466401061363,0,0,0,2,1,3,1,"Ex",8,"Typ",1,"Gd","BuiltIn",2006,27.4408454680245,"Y",13.3041346956501,8.60232526704263,0,0,0,0,"None","None",0,10,2006,"New","Partial",12.5461099483159
1291,"Othr","RL",80.9182358228804,118.79393923934,"Pave","None","IRG","Lvl","AllPub","Corner","Gtl","NAmes","Norm","Norm","1Fam","5","7",1964,1964,"Hip","CompShg","Wd Sdng","BrkFace",86,"TA","TA","PConc","TA","TA","Av","GLQ","Unf",0,11.7473401244707,"GasA","TA","Y","SBrkr",33.9411254969543,0,1,0,1,0,3,1,"TA",6,"Typ",1,"Gd","Attchd",1964,22,"Y",15.0665191733194,0,0,0,0,0,"None","None",0,4,2010,"WD","Normal",12.1034860567551
1292,"Othr","RM",21,40.9878030638384,"Pave","None","Reg","Lvl","AllPub","Inside","Gtl","Othr","Norm","Norm","Othr","5","7",1972,1972,"Gable","CompShg","Othr","BrkFace",268,"TA","TA","CBlock","TA","TA","No","ALQ","Unf",0,19.9749843554382,"GasA","TA","Y","SBrkr",25.0998007960223,0,0,0,2,1,3,1,"TA",6,"Typ",0,"None","Detchd",1972,16.2480768092719,"Y",13.6014705087354,0,0,0,0,0,"None","None",0,2,2009,"WD","Normal",11.6910716503537
1293,"Othr","RM",60,81.2403840463596,"Pave","None","Reg","Lvl","AllPub","Corner","Gtl","OldTown","Norm","Norm","1Fam","5","Othr",1892,1965,"Gable","CompShg","Wd Sdng","None",0,"TA","TA","Othr","TA","TA","No","Unf","Unf",0,31.5277655408689,"GasA","TA","N","SBrkr",37.1214223865412,0,0,0,2,0,4,2,"TA",11,"Othr",0,"None","Attchd",1985,20.7846096908265,"Y",0,16.9410743460974,0,0,0,0,"None","None",0,12,2009,"WD","Normal",11.5852461265499
1294,"60","RL",78,100.697567001393,"Pave","None","Reg","Lvl","AllPub","Inside","Gtl","Othr","Norm","Norm","1Fam","7","5",1976,1976,"Gable","CompShg","HdBoard","None",0,"TA","TA","PConc","Gd","TA","No","GLQ","Unf",0,25.2586618806302,"GasA","TA","Y","SBrkr",28.8444102037119,0,0,0,2,1,4,1,"TA",8,"Typ",1,"TA","Attchd",1976,22.9782505861521,"Y",0,5.29150262212918,0,0,259,0,"Othr","None",0,3,2006,"WD","Normal",12.0008917945901
1295,"20","RL",60,90.3991150399162,"Pave","None","Reg","Lvl","AllPub","Inside","Gtl","Edwards","Norm","Norm","1Fam","5","7",1955,1990,"Hip","CompShg","Othr","None",0,"TA","TA","CBlock","TA","TA","No","Rec","Unf",0,26.4007575648882,"GasA","TA","Y","SBrkr",29.3938769133981,0,1,0,1,0,2,1,"TA",5,"Typ",0,"None","Detchd",1957,23.9165214862028,"N",0,0,0,0,0,0,"None","None",0,4,2006,"WD","Normal",11.6526874073454
1296,"20","RL",70,91.6515138991168,"Pave","None","Reg","Lvl","AllPub","Inside","Gtl","NAmes","Feedr","Norm","1Fam","5","5",1968,1968,"Hip","CompShg","HdBoard","BrkFace",168,"TA","TA","CBlock","TA","TA","Av","BLQ","Unf",0,6,"GasA","Gd","Y","SBrkr",32.4345494804537,0,1,0,1,1,3,1,"TA",5,"Typ",0,"None","Attchd",1968,16.9705627484771,"Y",18.8679622641132,0,0,0,0,0,"Othr","None",0,11,2006,"WD","Normal",11.8386256046095
1297,"20","RL",80,93.2737905308881,"Pave","None","Reg","Lvl","AllPub","Inside","Gtl","NAmes","Norm","Norm","1Fam","5","6",1963,1963,"Hip","CompShg","MetalSd","BrkFace",148,"TA","Gd","CBlock","TA","TA","Mn","ALQ","Unf",0,18.5472369909914,"GasA","Gd","Y","SBrkr",33.5857112474933,0,1,0,2,0,3,1,"TA",6,"Typ",0,"None","Attchd",1963,22.9128784747792,"Y",13.856406460551,4.47213595499958,123,0,0,0,"MnPrv","None",0,12,2008,"WD","Normal",11.9511803959014
1298,"Othr","RM",35,60.6217782649107,"Pave","None","Reg","Lvl","AllPub","Inside","Gtl","Edwards","Norm","Norm","TwnhsE","6","5",2005,2006,"Gable","CompShg","VinylSd","BrkFace",82,"TA","TA","PConc","Gd","TA","Gd","GLQ","Unf",0,0,"GasA","Gd","Y","SBrkr",32.7414110874898,0,1,0,2,0,2,1,"TA",5,"Typ",0,"None","Othr",2005,22.9128784747792,"Y",0,6.6332495807108,0,0,0,0,"None","None",0,6,2006,"New","Partial",11.8493977015914
1300,"20","RL",75,86.6025403784439,"Pave","None","Reg","Lvl","AllPub","Inside","Gtl","NAmes","Norm","Norm","1Fam","5","7",1959,1994,"Hip","CompShg","Othr","None",0,"TA","TA","CBlock","TA","TA","No","LwQ","Othr",30.0998338865848,0,"GasA","Ex","Y","SBrkr",35.2987251894456,0,1,0,1,1,3,1,"Gd",6,"Typ",0,"None","Attchd",1959,17.464249196573,"Y",14.7648230602334,0,0,0,0,0,"Othr","None",0,5,2010,"WD","Normal",11.9447078813958
1301,"60","RL",72.0993981477928,103.740059764779,"Pave","None","IRG","Lvl","AllPub","CulDSac","Gtl","Gilbert","Norm","Norm","1Fam","7","5",1999,1999,"Gable","CompShg","VinylSd","None",344,"Gd","TA","PConc","Gd","TA","No","GLQ","Unf",0,16.8522995463527,"GasA","Ex","Y","SBrkr",31.7017349682947,0,0,0,2,1,3,1,"Gd",9,"Typ",1,"TA","Attchd",1999,22.1359436211787,"Y",0,0,0,0,0,0,"None","None",0,5,2009,"WD","Normal",12.3238556811866
1302,"Othr","RL",63.5122194922299,86.6025403784439,"Pave","None","IRG","Othr","AllPub","Inside","Gtl","Othr","Norm","Norm","1Fam","6","7",1942,1950,"Gable","CompShg","Wd Sdng","None",0,"TA","TA","CBlock","TA","TA","No","BLQ","Unf",0,14.9666295470958,"GasA","Othr","Y","SBrkr",27.4408454680245,0,0,0,1,0,3,1,"Gd",7,"Typ",2,"Gd","Attchd",1942,14.5945195193264,"Othr",0,0,0,0,224,0,"None","None",0,11,2009,"WD","Normal",12.0867258878976
1303,"60","RL",92,100.598210719674,"Pave","None","Reg","Lvl","AllPub","Inside","Gtl","Othr","Norm","Norm","1Fam","8","5",1994,1994,"Hip","CompShg","VinylSd","BrkFace",391,"Gd","TA","PConc","Gd","TA","No","GLQ","Unf",0,20.6155281280883,"GasA","Ex","Y","SBrkr",34.6842903920492,0,1,0,2,1,4,1,"Gd",8,"Typ",1,"TA","Attchd",1994,29.0516780926679,"Y",17.5783958312469,8.83176086632785,0,0,0,0,"None","None",0,12,2006,"WD","Normal",12.5776362019627
1304,"20","RL",73,93.2094415818484,"Pave","None","Reg","Lvl","AllPub","Inside","Gtl","Somerst","Norm","Norm","1Fam","7","5",2005,2005,"Gable","CompShg","VinylSd","BrkFace",228,"Gd","TA","PConc","Gd","TA","Av","Unf","Unf",0,40.1995024844836,"GasA","Ex","Y","SBrkr",40.1995024844836,0,0,0,2,0,3,1,"Gd",7,"Typ",0,"None","Attchd",2005,28.8790581563873,"Y",14.422205101856,7.68114574786861,0,0,0,0,"None","None",0,4,2006,"WD","Normal",12.3544926506484
1305,"Othr","RM",32,57.9913786695919,"Pave","None","Reg","Lvl","AllPub","Inside","Gtl","Edwards","Norm","Norm","TwnhsE","7","5",2004,2004,"Gable","CompShg","VinylSd","Stone",117,"Gd","TA","PConc","Gd","TA","No","Unf","Unf",0,31.2409987036266,"GasA","Ex","Y","SBrkr",31.2409987036266,0,0,0,2,0,3,1,"Gd",7,"Othr",0,"None","Detchd",2004,19.4935886896179,"Y",0,6.32455532033676,0,0,0,0,"None","None",0,4,2006,"WD","Normal",11.7752897294377
1306,"20","RL",108,114.773690364996,"Pave","None","IRG","Lvl","AllPub","Corner","Gtl","NridgHt","Norm","Norm","1Fam","Othr","5",2006,2007,"Hip","CompShg","VinylSd","Stone",300,"Gd","TA","PConc","Ex","TA","No","GLQ","Unf",0,8.94427190999916,"GasA","Ex","Y","SBrkr",40.6448028658032,0,1,0,2,0,2,1,"Ex",6,"Typ",2,"Othr","Attchd",2006,28.9827534923789,"Y",20.0997512422418,10.0995049383621,0,0,0,0,"None","None",0,11,2009,"WD","Normal",12.6915804613119
1307,"120","RL",48,83.3966426182733,"Pave","None","IRG","Lvl","AllPub","Inside","Gtl","NridgHt","Norm","Norm","TwnhsE","7","5",2005,2006,"Gable","CompShg","VinylSd","Stone",94,"Gd","TA","PConc","Gd","TA","No","Unf","Unf",0,36.9864840178139,"GasA","Ex","Y","SBrkr",36.9864840178139,0,0,0,2,0,2,1,"Gd",6,"Typ",1,"Gd","Attchd",2005,21.7715410570772,"Y",11.4891252930761,5.91607978309962,0,0,0,0,"None","None",0,9,2006,"New","Partial",12.2184951655287
1308,"20","RL",60,89.8443097808648,"Pave","None","Reg","Lvl","AllPub","Inside","Gtl","CollgCr","Norm","Norm","1Fam","5","5",1994,1995,"Gable","CompShg","VinylSd","None",0,"TA","Gd","PConc","Gd","Othr","No","ALQ","Unf",0,15.6204993518133,"GasA","Ex","Y","SBrkr",31.4642654451045,0,1,0,1,0,3,1,"TA",5,"Typ",0,"None","Detchd",2000,21.9089023002066,"Y",0,8,0,0,0,0,"None","None",0,5,2009,"WD","Normal",11.8350089641393
1309,"20","RM",100,109.544511501033,"Pave","None","Reg","Lvl","AllPub","Inside","Gtl","OldTown","Norm","Norm","1Fam","5","7",1948,2005,"Gable","CompShg","MetalSd","None",0,"TA","TA","CBlock","TA","TA","No","GLQ","Othr",24.6576560118759,13.114877048604,"GasA","Ex","Y","SBrkr",33.4962684488885,0,1,0,1,0,2,1,"Gd",6,"Typ",0,"None","Attchd",1948,22.9782505861521,"Y",0,6,0,0,0,0,"Othr","None",0,5,2008,"WD","Normal",11.8981878657609
1310,"20","RL",62.5987458584223,84.5754101379355,"Pave","None","Reg","Lvl","AllPub","Inside","Gtl","Othr","Norm","Norm","1Fam","6","5",1991,1991,"Gable","CompShg","HdBoard","BrkFace",88,"TA","TA","CBlock","Gd","TA","No","GLQ","Unf",0,8.83176086632785,"GasA","Gd","Y","SBrkr",35.9722114972099,0,1,0,2,0,3,1,"Gd",6,"Typ",0,"None","Attchd",1991,22.2710574513201,"Y",10.5830052442584,7.14142842854285,0,0,0,0,"Othr","None",0,6,2008,"WD","Normal",12.096257779523
1311,"20","RL",100,132.28756555323,"Pave","None","Reg","Lvl","AllPub","Inside","Gtl","Othr","Othr","Norm","1Fam","7","Othr",1959,2002,"Gable","CompShg","Othr","None",0,"Gd","Gd","PConc","Gd","TA","Av","GLQ","Unf",0,22.2710574513201,"GasA","TA","Y","SBrkr",43.611924974713,0,1,0,2,0,3,1,"Ex",7,"Typ",2,"TA","Attchd",1959,23.8117617995813,"Y",0,14.3874945699382,162,0,0,0,"None","None",0,5,2010,"WD","Normal",12.7218858108072
1312,"20","RL",68,93.8829057922687,"Pave","None","Reg","Lvl","AllPub","Inside","Gtl","CollgCr","Norm","Norm","1Fam","7","5",2005,2007,"Gable","CompShg","VinylSd","BrkFace",80,"Gd","TA","PConc","Gd","TA","No","GLQ","Unf",0,18.6815416922694,"GasA","Ex","Y","SBrkr",35.6931365951495,0,1,0,2,0,3,1,"Gd",6,"Typ",0,"None","Attchd",2005,22.5388553391693,"Y",16.2480768092719,9.89949493661167,0,0,0,0,"None","None",0,1,2007,"New","Partial",12.2209612580239
1313,"60","RL",68.966736406493,97.8365984690801,"Pave","None","IRG","Lvl","AllPub","Inside","Gtl","Othr","Norm","Norm","1Fam","8","5",1990,1990,"Gable","CompShg","Wd Sdng","BrkFace",336,"Gd","TA","PConc","Ex","TA","No","GLQ","Unf",0,31.1608729017658,"GasA","Ex","Y","SBrkr",38.1182371050918,0,0,0,2,1,4,1,"Gd",9,"Typ",1,"Othr","Attchd",1990,27.3861278752583,"Y",22.3606797749979,0,0,0,0,0,"None","None",0,6,2007,"WD","Normal",12.618182296357
1314,"60","RL",108,121.548344291479,"Pave","None","IRG","Lvl","AllPub","Corner","Gtl","Othr","Norm","Norm","1Fam","Othr","5",1999,1999,"Gable","CompShg","VinylSd","BrkFace",165,"Gd","TA","PConc","Gd","TA","No","Unf","Unf",0,37.322915213043,"GasA","Ex","Y","SBrkr",37.7094152699296,0,0,0,2,1,4,1,"Gd",10,"Typ",1,"TA","BuiltIn",1999,27.9105714739057,"Y",25.8456959666402,5.47722557505166,0,0,0,0,"None","None",0,5,2010,"WD","Normal",12.7164021462475
1315,"20","RL",60,90.4986187739901,"Pave","None","Reg","Lvl","AllPub","Inside","Gtl","Edwards","Norm","Norm","1Fam","4","6",1954,1954,"Hip","CompShg","Wd Sdng","None",0,"TA","TA","CBlock","TA","TA","No","Rec","Unf",0,14.6969384566991,"GasA","Ex","Y","SBrkr",30.7896086366813,0,1,0,1,0,3,1,"TA",5,"Typ",1,"TA","Detchd",1956,16.7332005306815,"Y",0,6,0,0,0,0,"None","None",0,10,2007,"WD","Normal",11.6868787720937
1316,"60","RL",85,105.237825899246,"Pave","None","Reg","Lvl","AllPub","Inside","Gtl","NAmes","Norm","Norm","1Fam","6","5",1969,1969,"Gable","CompShg","HdBoard","None",0,"TA","TA","CBlock","Othr","TA","Mn","ALQ","Othr",16.6132477258361,13.2664991614216,"GasA","TA","Y","SBrkr",33.0454232837166,0,0,0,2,1,4,1,"TA",9,"Typ",2,"Gd","Attchd",1969,24,"Y",16.7332005306815,0,0,0,0,0,"None","None",0,6,2008,"WD","Normal",12.2399908637336
1317,"20","RL",61,101.123686641657,"Pave","None","IRG","Lvl","AllPub","Inside","Gtl","CollgCr","Norm","Norm","1Fam","8","5",2008,2008,"Gable","CompShg","VinylSd","Stone",270,"Gd","TA","PConc","Ex","TA","Gd","Unf","Unf",0,40.2740611312045,"GasA","Ex","Y","SBrkr",40.3732584763727,0,1,0,2,0,3,1,"Ex",8,"Typ",1,"Gd","Attchd",2008,29.3257565972304,"Y",13.114877048604,6.48074069840786,0,0,0,0,"None","None",0,1,2009,"WD","Normal",12.5964004268844
1318,"120","Othr",47,65.0384501660364,"Pave","Othr","Reg","Lvl","AllPub","Corner","Gtl","Somerst","Norm","Norm","TwnhsE","7","5",2006,2007,"Gable","CompShg","VinylSd","None",0,"Gd","TA","PConc","Ex","Othr","No","Unf","Unf",0,36.7695526217005,"GasA","Ex","Y","SBrkr",36.7695526217005,0,0,0,2,0,2,1,"Gd",5,"Typ",1,"Gd","Attchd",2006,21.5870331449229,"Y",0,15.52417469626,0,0,0,0,"None","None",0,4,2007,"New","Partial",12.2496109475447
1319,"20","RL",82.6793708690397,121.577136008379,"Pave","None","IRG","Lvl","AllPub","CulDSac","Gtl","CollgCr","Norm","Norm","1Fam","8","5",2001,2002,"Hip","CompShg","VinylSd","BrkFace",178,"Gd","TA","PConc","Gd","TA","Gd","Unf","Unf",0,41.8688428309166,"GasA","Ex","Y","SBrkr",42.2729227756965,0,0,0,2,0,3,1,"Gd",7,"Typ",1,"TA","Attchd",2001,27.3495886623547,"Y",14.0712472794703,12.2474487139159,0,0,0,0,"None","None",0,8,2006,"WD","Normal",12.5245263766487
1320,"20","RL",75,101.069283167538,"Pave","None","Reg","Othr","AllPub","Inside","Gtl","Edwards","Norm","Norm","1Fam","4","5",1954,1954,"Hip","CompShg","Wd Sdng","BrkFace",132,"TA","TA","PConc","TA","TA","No","ALQ","Unf",0,19.2873015219859,"GasA","Ex","Y","SBrkr",30.7896086366813,0,0,0,1,0,3,1,"TA",5,"Typ",0,"None","Attchd",1954,15.7480157480236,"Y",0,0,0,0,0,0,"None","None",0,2,2007,"WD","Normal",11.6172854802945
1321,"20","RL",70,91.6515138991168,"Pave","None","Reg","Lvl","AllPub","Inside","Gtl","NAmes","Norm","Norm","1Fam","6","Othr",1957,1957,"Hip","CompShg","Othr","None",0,"TA","TA","CBlock","TA","TA","No","ALQ","Othr",25.7099202643649,25.0599281722833,"GasA","Gd","Y","SBrkr",38.4447655734822,0,1,0,1,1,3,1,"TA",6,"Typ",2,"Gd","Attchd",1957,21.0237960416286,"Y",10.6770782520313,0,0,0,216,0,"None","None",0,6,2009,"WD","Normal",11.9608112889623
1322,"20","RL",61.2140567189906,81.4063879557372,"Pave","None","IRG","Lvl","AllPub","Corner","Gtl","Othr","Feedr","Norm","1Fam","Othr","6",1949,1950,"Hip","CompShg","VinylSd","None",0,"TA","TA","CBlock","Othr","Othr","Othr","Othr","Othr",0,0,"Othr","TA","N","SBrkr",26.8328157299975,0,0,0,1,0,2,1,"TA",4,"Typ",0,"None","Detchd",1955,16.9410743460974,"Y",0,0,0,0,0,0,"None","None",0,7,2008,"WD","Normal",11.1913418408428
1323,"60","RL",107,100.925715256321,"Pave","None","IRG","Lvl","AllPub","Inside","Gtl","Othr","Norm","Norm","1Fam","7","5",1992,1992,"Gable","CompShg","HdBoard","None",0,"Gd","TA","PConc","Gd","TA","No","GLQ","Unf",0,8.71779788708135,"GasA","Ex","Y","SBrkr",32.5729949498047,0,1,0,2,1,3,1,"Gd",8,"Typ",1,"TA","Attchd",1992,23.7486841740758,"Y",15.4919333848297,6.2449979983984,0,0,0,0,"None","None",0,6,2010,"WD","Normal",12.1547793511426
1324,"Othr","RL",50,73.0068489937759,"Pave","None","Reg","Othr","AllPub","Inside","Gtl","Othr","Norm","Norm","1Fam","4","7",1940,1950,"Hip","CompShg","VinylSd","None",0,"Othr","TA","CBlock","TA","TA","No","LwQ","Unf",0,11.8321595661992,"GasA","Gd","Y","SBrkr",26.6082693913001,0,0,0,1,0,2,1,"Othr",5,"Typ",0,"None","None",1959,0,"Y",12.8062484748657,0,0,0,0,0,"None","None",0,12,2009,"WD","Normal",11.3205535723228
1325,"20","RL",75,99.929975482835,"Pave","None","Reg","Lvl","AllPub","Inside","Gtl","Somerst","Norm","Norm","1Fam","8","5",2006,2007,"Gable","CompShg","VinylSd","BrkFace",428,"Gd","TA","PConc","Ex","TA","Av","Unf","Unf",0,42.3674403286297,"GasA","Ex","Y","SBrkr",42.3674403286297,0,0,0,2,0,2,1,"Gd",7,"Typ",1,"Gd","Attchd",2007,29.9165506033032,"Y",0,7,0,0,0,0,"None","None",0,2,2007,"New","Partial",11.8981878657609
1326,"Othr","RM",40,60.2992537267253,"Pave","None","Reg","Lvl","AllPub","Inside","Gtl","Othr","Norm","Norm","1Fam","4","Othr",1922,1950,"Gable","CompShg","Othr","None",0,"TA","TA","BrkTil","TA","Othr","No","Unf","Unf",0,28.2134719593318,"GasA","Othr","N","SBrkr",28.2134719593318,0,0,0,1,0,2,1,"TA",5,"Typ",0,"None","None",1935,0,"N",0,0,100,0,0,0,"MnPrv","None",0,1,2008,"WD","Normal",10.9150884642146
1327,"Othr","Othr",70,65.3452370108182,"Pave","None","Reg","Othr","AllPub","Inside","Othr","Edwards","Norm","Norm","1Fam","Othr","6",1931,2006,"Gable","CompShg","MetalSd","None",0,"TA","TA","BrkTil","TA","TA","No","Rec","Unf",0,0,"GasA","Ex","Y","SBrkr",27.8208554864871,0,0,0,1,0,3,1,"Gd",6,"Typ",0,"None","None",1998,0,"Y",0,0,286,0,0,0,"None","None",0,5,2007,"WD","Normal",11.2772031314492
1328,"20","RL",60,81.2403840463596,"Pave","None","Reg","Lvl","AllPub","Inside","Gtl","Othr","Norm","Norm","1Fam","5","Othr",1982,2008,"Gable","CompShg","VinylSd","None",0,"Gd","Gd","CBlock","TA","TA","No","ALQ","Unf",0,13.228756555323,"GasA","Ex","Y","SBrkr",28.5657137141714,0,0,1,1,0,3,1,"Gd",5,"Typ",1,"Othr","Attchd",1982,16.2480768092719,"Y",0,0,0,0,0,0,"MnPrv","None",0,10,2008,"WD","Normal",11.7791285057449
1329,"50","RM",60,102.176318195558,"Pave","Othr","Reg","Lvl","AllPub","Corner","Gtl","OldTown","Norm","Norm","1Fam","6","7",1920,1950,"Gable","CompShg","Othr","None",0,"Gd","Gd","BrkTil","Gd","TA","No","LwQ","Unf",0,31.8904374382039,"Othr","Ex","Y","SBrkr",39.7994974842648,0,0,0,2,0,5,1,"TA",8,"Othr",2,"TA","Detchd",1920,22.8035085019828,"Y",0,23.388031127053,0,0,480,0,"MnPrv","Othr",1150,6,2008,"WD","Normal",12.4529327234617
1330,"60","RL",63,95.3100204595508,"Pave","None","IRG","Lvl","AllPub","Inside","Gtl","Gilbert","Norm","Norm","1Fam","7","5",1998,1998,"Hip","CompShg","VinylSd","None",0,"TA","TA","PConc","Gd","TA","No","Unf","Unf",0,30.5777697028413,"GasA","Gd","Y","SBrkr",30.9030742807249,0,0,0,2,1,3,1,"TA",8,"Typ",1,"TA","Attchd",1998,21.4941852602047,"Y",0,5.29150262212918,0,0,0,0,"None","None",0,6,2006,"WD","Normal",12.0810761553555
1331,"20","RL",85,100,"Pave","None","Reg","Lvl","AllPub","Inside","Gtl","Somerst","Norm","Norm","1Fam","8","5",2006,2006,"Hip","CompShg","VinylSd","Stone",410,"Gd","TA","PConc","Gd","Othr","Av","Unf","Unf",0,39.8497176903426,"GasA","Ex","Y","SBrkr",39.8497176903426,0,0,0,2,0,3,1,"Gd",7,"Typ",1,"Gd","Attchd",2006,28.7228132326901,"Y",12,6.70820393249937,0,0,0,0,"None","None",0,12,2007,"WD","Normal",12.3327052964635
1332,"Othr","RL",55,103.826778819339,"Pave","None","IRG","Lvl","AllPub","Inside","Gtl","CollgCr","Norm","Norm","1Fam","5","5",1976,1976,"Gable","CompShg","MetalSd","None",0,"TA","TA","CBlock","TA","TA","Av","ALQ","Unf",0,20.6881608655772,"GasA","Gd","Y","SBrkr",30.886890422961,0,0,0,1,0,3,1,"TA",6,"Typ",0,"None","Detchd",1976,24,"Y",0,0,0,0,0,0,"None","None",0,7,2006,"WD","Normal",11.7943379244084
1333,"20","RL",67,94.2178327069775,"Pave","None","Reg","Lvl","AllPub","Inside","Othr","Edwards","Norm","Norm","1Fam","4","6",1938,1958,"Gable","CompShg","MetalSd","None",0,"TA","TA","CBlock","TA","TA","Mn","ALQ","Unf",0,11.2249721603218,"GasA","Ex","Y","SBrkr",28.5657137141714,0,1,0,1,0,2,1,"TA",3,"Typ",1,"Gd","Detchd",1958,16.9705627484771,"Y",0,0,0,0,0,0,"None","None",0,5,2009,"WD","Normal",11.5129254649702
1334,"50","RM",60,84.8528137423857,"Pave","None","Reg","Lvl","AllPub","Corner","Gtl","Othr","Norm","Norm","1Fam","5","6",1938,1995,"Gable","CompShg","Wd Sdng","None",0,"TA","TA","CBlock","TA","TA","No","Unf","Unf",0,28.3372546306095,"GasA","Ex","Y","SBrkr",28.3372546306095,0,0,0,1,1,2,1,"Gd",6,"Typ",0,"None","Detchd",1951,17.2336879396141,"Y",0,8.06225774829855,190,0,0,0,"MnPrv","None",0,7,2006,"WD","Normal",11.740061037554
1335,"Othr","RM",24,48.6621002423858,"Pave","None","Reg","Lvl","AllPub","Inside","Gtl","Othr","Norm","Norm","TwnhsE","5","6",1970,1970,"Gable","CompShg","HdBoard","None",312,"TA","TA","CBlock","TA","TA","No","LwQ","Unf",0,0,"GasA","TA","Y","SBrkr",27.6586333718787,0,0,0,1,1,3,1,"TA",7,"Othr",0,"None","Attchd",1970,20.976176963403,"Y",0,6,0,0,0,0,"None","None",0,5,2009,"WD","Normal",11.7360690162844
1336,"20","RL",80,98.2344135219425,"Pave","None","Reg","Lvl","AllPub","Inside","Gtl","Othr","Norm","Norm","1Fam","6","5",1977,1977,"Gable","CompShg","Plywood","BrkFace",360,"TA","TA","CBlock","Gd","TA","No","ALQ","Unf",0,25.7681974534503,"GasA","TA","Y","SBrkr",36.5239647354993,0,0,1,2,0,2,1,"TA",6,"Typ",1,"TA","Attchd",1977,25.0998007960223,"Y",0,4,0,0,0,0,"None","None",0,4,2009,"WD","Normal",12.0311238430656
1337,"Othr","RL",87,96.1561230499649,"Pave","None","IRG","Lvl","AllPub","Inside","Gtl","Othr","Feedr","Norm","Othr","5","5",1973,1973,"Gable","CompShg","Plywood","BrkFace",564,"TA","TA","CBlock","TA","TA","No","Unf","Unf",0,40.6939798987516,"GasA","TA","Y","SBrkr",40.6939798987516,0,0,0,2,0,4,2,"TA",8,"Typ",0,"None","Detchd",1973,22.494443758404,"Y",0,14.5258390463339,0,0,0,0,"None","None",0,11,2008,"WD","Normal",11.8130300574206
1338,"Othr","RM",153,64.1716448285378,"Pave","Othr","IRG","Othr","AllPub","Corner","Othr","OldTown","Feedr","Norm","1Fam","4","Othr",1941,1950,"Gable","CompShg","Wd Sdng","None",0,"TA","TA","CBlock","TA","TA","No","Unf","Unf",0,26.3248931621764,"Othr","Othr","N","FuseA",26.3248931621764,0,0,0,1,0,2,1,"Othr",4,"Typ",0,"None","None",1959,0,"N",0,4.47213595499958,0,0,0,0,"None","None",0,3,2006,"WD","Normal",10.8685684485797
1339,"60","RL",95,115.974135047432,"Pave","None","IRG","Lvl","AllPub","Corner","Gtl","CollgCr","Norm","Norm","1Fam","7","5",2002,2002,"Gable","CompShg","VinylSd","None",0,"Gd","TA","PConc","Gd","TA","No","GLQ","Unf",0,14.6969384566991,"GasA","Ex","Y","SBrkr",30.3315017762062,0,1,0,2,1,3,1,"Gd",8,"Typ",0,"None","BuiltIn",2002,22.1810730128188,"Y",12.0830459735946,9.53939201416946,0,0,0,0,"None","None",0,6,2006,"WD","Normal",12.2060726455302
1340,"20","RL",120,97.7752524926425,"Pave","None","IRG","Lvl","AllPub","Corner","Gtl","CollgCr","Norm","Norm","1Fam","5","7",1972,1972,"Hip","CompShg","MetalSd","None",0,"TA","Gd","CBlock","TA","TA","Mn","Rec","Unf",0,22.4499443206436,"GasA","Ex","Y","SBrkr",29.3938769133981,0,0,0,1,0,3,1,"TA",5,"Typ",0,"None","Attchd",1972,16.9705627484771,"Y",0,0,0,0,0,0,"None","None",0,6,2006,"WD","Normal",11.7636841833174
1341,"20","RL",70,91.0714005602198,"Pave","None","Reg","Lvl","AllPub","Inside","Gtl","NAmes","Norm","Norm","1Fam","4","5",1971,1971,"Gable","CompShg","MetalSd","None",0,"TA","TA","CBlock","TA","TA","No","Unf","Unf",0,29.2916370317536,"GasA","TA","Y","SBrkr",29.5296461204668,0,0,0,1,0,3,1,"TA",5,"Typ",0,"None","Detchd",1974,21.9089023002066,"Y",0,0,0,0,0,0,"Othr","None",0,6,2007,"WD","Normal",11.7199396343546
1342,"20","RL",66,117.025638216589,"Pave","None","Reg","Lvl","AllPub","Inside","Gtl","Othr","Othr","Norm","1Fam","6","5",2003,2004,"Gable","CompShg","VinylSd","None",0,"TA","TA","PConc","Gd","TA","No","GLQ","Unf",0,17.3205080756888,"GasA","Ex","Y","SBrkr",33.3766385365573,0,1,0,1,0,3,1,"Gd",6,"Typ",0,"None","Detchd",2004,24,"Y",0,8.83176086632785,0,0,0,0,"None","None",0,7,2008,"WD","Normal",11.9511803959014
1343,"60","RL",68.4481361014207,96.8245836551854,"Pave","None","Reg","Lvl","AllPub","Inside","Gtl","CollgCr","Norm","Norm","1Fam","8","5",2002,2002,"Gable","CompShg","VinylSd","BrkFace",149,"Gd","TA","PConc","Gd","TA","No","Unf","Unf",0,35.8329457343378,"GasA","Ex","Y","SBrkr",35.8329457343378,0,0,0,2,1,3,1,"Gd",7,"Typ",1,"Gd","Attchd",2002,25.4361946839538,"Y",13.856406460551,9.32737905308882,0,0,0,0,"None","None",0,8,2007,"WD","Normal",12.3392914893164
1344,"50","RL",57,86.936758623726,"Pave","None","Reg","Othr","AllPub","Inside","Gtl","Othr","Norm","Norm","1Fam","6","6",1928,1950,"Gable","CompShg","Othr","None",0,"TA","TA","BrkTil","TA","TA","No","Unf","Unf",0,29.9332590941915,"GasA","Gd","Y","SBrkr",34.2344855372474,0,0,0,1,1,3,1,"TA",9,"Typ",1,"TA","Detchd",1929,18.4932420089069,"Y",0,0,0,0,0,0,"None","None",0,3,2009,"WD","Normal",12.083905011556
1345,"60","RL",85,105.370773936609,"Pave","None","IRG","Lvl","AllPub","Corner","Gtl","CollgCr","Norm","Norm","1Fam","7","5",2006,2006,"Gable","CompShg","VinylSd","None",0,"Gd","TA","PConc","Gd","TA","No","Unf","Unf",0,26.9814751264641,"GasA","Ex","Y","SBrkr",26.9814751264641,0,0,0,2,1,3,1,"Gd",8,"Typ",1,"TA","Attchd",2006,20.976176963403,"Y",0,0,0,0,0,0,"None","None",0,7,2007,"New","Partial",11.9565530341727
1346,"Othr","RM",50,77.4596669241483,"Pave","None","Reg","Lvl","AllPub","Inside","Gtl","OldTown","Norm","Norm","1Fam","4","Othr",1920,1950,"Hip","CompShg","MetalSd","None",0,"TA","TA","PConc","TA","TA","No","ALQ","Unf",0,26.6458251889485,"GasA","Gd","Y","FuseA",30.9838667696593,0,0,0,1,0,2,1,"Othr",5,"Typ",0,"None","Detchd",1997,17.5499287747842,"Y",0,0,168,0,0,0,"None","None",0,7,2007,"WD","Normal",11.5945054519627
1347,"20","RL",98.4743040184504,144.156165320808,"Pave","None","IRG","Lvl","AllPub","CulDSac","Gtl","Othr","Othr","Norm","1Fam","7","7",1968,2003,"Hip","CompShg","Othr","None",0,"TA","TA","CBlock","TA","TA","No","BLQ","Othr",8.24621125123532,34.6842903920492,"GasA","TA","Y","SBrkr",46.4327470649756,0,0,0,2,0,3,1,"TA",9,"Typ",1,"Gd","Attchd",1968,22.5388553391693,"Y",0,8.94427190999916,0,290,0,0,"None","None",0,6,2006,"WD","Normal",12.4780063610138
1348,"20","RL",93,123.717419953699,"Pave","None","IRG","Othr","AllPub","Corner","Gtl","Othr","Norm","Norm","1Fam","8","5",2006,2007,"Gable","CompShg","VinylSd","Stone",100,"Gd","TA","PConc","Ex","TA","Gd","GLQ","Unf",0,40.6448028658032,"GasA","Ex","Y","SBrkr",42.142615011411,0,1,0,2,0,3,1,"Gd",7,"Typ",1,"Gd","Attchd",2006,26.6833281282527,"Y",0,0,0,0,0,0,"None","None",0,5,2007,"New","Partial",12.5548368821687
1349,"20","RL",86.4043426034424,127.263506159464,"Pave","None","IRG","Othr","AllPub","Inside","Gtl","Othr","Norm","Norm","1Fam","7","5",1998,1998,"Gable","CompShg","VinylSd","None",0,"Gd","TA","PConc","Gd","TA","Gd","GLQ","Unf",0,6.2449979983984,"GasA","Ex","Y","SBrkr",38.6522961801754,0,1,0,2,0,3,1,"Gd",5,"Typ",1,"Othr","Attchd",1998,22.6715680975093,"Y",20.0499376557634,5,0,0,0,0,"None","None",0,8,2007,"WD","Normal",12.2783933071098
1350,"Othr","RM",50,72.4568837309472,"Pave","Othr","Reg","Lvl","AllPub","Inside","Gtl","OldTown","Norm","Norm","1Fam","8","5",1872,1987,"Gable","CompShg","MetalSd","None",0,"TA","Gd","BrkTil","TA","Othr","No","LwQ","Unf",0,20.6155281280883,"Othr","Othr","N","SBrkr",30.6267856622271,205,0,0,2,0,4,1,"TA",8,"Typ",0,"None","None",1956,0,"Y",0,7.34846922834953,20,0,0,0,"None","None",0,12,2008,"WD","Normal",11.7117763237154
1351,"Othr","RL",91,107.902733978338,"Pave","None","Reg","Lvl","AllPub","Inside","Gtl","NAmes","Othr","Norm","Othr","5","5",1969,1969,"Gable","CompShg","MetalSd","BrkFace",368,"TA","TA","CBlock","TA","TA","No","LwQ","Unf",0,27.3495886623547,"GasA","TA","Y","SBrkr",36.5786823163438,0,1,1,2,2,6,2,"TA",12,"Typ",0,"None","Detchd",1969,31.1126983722081,"Y",0,0,0,0,0,0,"None","None",0,8,2009,"WD","Normal",12.2060726455302
1352,"60","RL",70,96.1613227862429,"Pave","None","IRG","Lvl","AllPub","Inside","Gtl","NAmes","Norm","Norm","1Fam","6","6",1962,1962,"Gable","CompShg","HdBoard","BrkFace",318,"TA","TA","CBlock","TA","TA","No","Rec","Unf",0,23.2163735324878,"GasA","Ex","Y","SBrkr",29.2916370317536,0,0,0,1,1,4,1,"TA",8,"Typ",1,"Gd","Attchd",1962,22.1359436211787,"Y",0,9.16515138991168,0,0,120,0,"None","None",0,3,2008,"WD","Normal",12.0494188354848
1353,"50","RM",50,77.4596669241483,"Pave","None","Reg","Lvl","AllPub","Inside","Gtl","Othr","Norm","Norm","1Fam","6","Othr",1937,2000,"Gable","CompShg","MetalSd","None",0,"Gd","TA","BrkTil","TA","TA","No","Unf","Unf",0,26.4196896272458,"GasA","TA","Y","SBrkr",28.0356915377524,0,0,0,1,0,2,1,"TA",4,"Typ",0,"None","Detchd",1999,24.9799919935936,"N",14.4913767461894,0,0,0,0,0,"None","None",0,7,2009,"WD","Normal",11.8122890421958
1354,"50","RL",56,121.326007104825,"Pave","None","IRG","Lvl","AllPub","CulDSac","Gtl","Othr","Norm","Norm","1Fam","8","5",1995,1996,"Hip","CompShg","VinylSd","BrkFace",579,"Gd","TA","PConc","Gd","TA","Av","GLQ","Unf",0,34.8855270850248,"GasA","Ex","Y","SBrkr",45.3100430368368,0,1,0,2,1,4,1,"Gd",9,"Typ",1,"Othr","Attchd",1996,25.8069758011279,"Y",16.8226038412607,9.2736184954957,0,0,0,0,"None","None",0,3,2010,"WD","Normal",12.9239124386805
1355,"60","RL",70.92530811702,101.567711404757,"Pave","None","IRG","Lvl","AllPub","Inside","Gtl","CollgCr","Norm","Norm","1Fam","7","5",2000,2000,"Gable","CompShg","VinylSd","None",0,"Gd","TA","PConc","Gd","TA","No","GLQ","Unf",0,16.0312195418814,"GasA","Ex","Y","SBrkr",31.4960314960472,0,1,0,2,1,3,1,"Gd",7,"Typ",1,"TA","Attchd",2000,28.9654967159205,"Y",0,13.5646599662505,0,0,0,0,"None","None",0,6,2008,"WD","Normal",12.3673407931263
1356,"Othr","RL",102,100.955435712992,"Pave","None","IRG","Lvl","AllPub","Inside","Gtl","Othr","Norm","Norm","1Fam","7","6",1968,1992,"Gable","CompShg","MetalSd","BrkFace",143,"TA","TA","CBlock","TA","TA","No","Unf","Unf",0,23.8746727726266,"GasA","Gd","Y","SBrkr",34.9571165858971,0,0,0,3,0,4,1,"Gd",8,"Typ",1,"TA","Attchd",1968,22.0680764907139,"Y",0,9.89949493661167,0,0,0,0,"Othr","None",0,9,2006,"WD","Normal",12.0435537160324
1357,"20","RL",68.7166499649607,97.3498844375277,"Pave","None","Reg","Lvl","AllPub","Corner","Gtl","NAmes","Norm","Norm","1Fam","5","5",1966,1966,"Gable","CompShg","HdBoard","BrkFace",65,"TA","TA","CBlock","TA","TA","No","Rec","Unf",0,22.8910462845192,"GasA","TA","Y","SBrkr",29.8663690461362,0,0,0,1,0,3,1,"TA",5,"Typ",0,"None","Attchd",1966,16.2480768092719,"Y",0,0,0,0,0,0,"Othr","None",0,10,2008,"WD","Normal",11.6082356447746
1358,"20","RL",76.7720658711601,111.968745639129,"Pave","None","IRG","Lvl","AllPub","CulDSac","Gtl","NAmes","Norm","Norm","1Fam","5","6",1971,2008,"Gable","CompShg","VinylSd","None",0,"TA","TA","CBlock","TA","TA","No","GLQ","Unf",0,18.5472369909914,"GasA","Ex","Y","SBrkr",32.832910318764,0,1,0,1,1,3,1,"TA",6,"Typ",1,"Othr","Attchd",1971,22.3606797749979,"Y",0,0,0,0,0,0,"None","None",0,4,2010,"WD","Normal",11.9177236840907
1359,"Othr","Othr",49.3415319683503,46.0108682813094,"Pave","None","Reg","Lvl","AllPub","Inside","Gtl","Somerst","Norm","Norm","Othr","6","5",2000,2000,"Gable","CompShg","MetalSd","BrkFace",216,"Gd","TA","PConc","Gd","TA","No","GLQ","Unf",0,19.4422220952236,"GasA","Ex","Y","SBrkr",27.7308492477241,0,0,0,2,1,3,1,"Gd",5,"Typ",0,"None","Detchd",2000,20.976176963403,"Y",0,5.65685424949238,0,0,0,0,"None","None",0,6,2010,"WD","Normal",12.0867258878976
1360,"20","RL",129,129.371557925226,"Pave","None","Reg","Lvl","AllPub","Othr","Gtl","NridgHt","Norm","Norm","1Fam","Othr","5",2004,2005,"Hip","CompShg","VinylSd","BrkFace",66,"Gd","TA","PConc","Ex","TA","Av","GLQ","Unf",0,23.0867927612304,"GasA","Ex","Y","SBrkr",44.497190922574,0,1,0,2,0,3,1,"Ex",8,"Typ",1,"Gd","Attchd",2004,27.7488738510232,"Y",13.9283882771841,6.70820393249937,0,0,0,0,"None","None",0,9,2006,"WD","Normal",12.6603279178078
1361,"Othr","RL",51,99.2068546018873,"Pave","None","Reg","Lvl","AllPub","Inside","Gtl","Othr","Feedr","Norm","1Fam","5","6",1921,1998,"Gable","CompShg","MetalSd","None",0,"TA","TA","BrkTil","TA","Othr","No","Unf","Unf",0,24.738633753706,"GasA","Ex","Y","SBrkr",31.4642654451045,0,0,0,3,1,4,1,"TA",8,"Typ",0,"None","BuiltIn",1998,24.9198715887542,"Y",13.5277492584687,0,301,0,0,0,"None","None",0,5,2008,"WD","Normal",12.1495022940418
1362,"20","RL",124,127.114121953464,"Pave","None","IRG","Othr","AllPub","Inside","Othr","Othr","Norm","Norm","1Fam","7","5",2005,2005,"Hip","CompShg","VinylSd","Stone",16,"Gd","TA","PConc","Ex","TA","Av","ALQ","Unf",0,16,"GasA","Ex","Y","SBrkr",39.1152144312159,0,1,0,2,0,3,1,"Gd",7,"Typ",1,"Gd","Attchd",2005,20.7364413533277,"Y",12.9614813968157,6,0,0,0,0,"None","None",0,6,2009,"WD","Normal",12.4684369099977
1363,"50","RL",76.7088861385625,111.86152153444,"Pave","None","IRG","Lvl","AllPub","Othr","Gtl","NAmes","Feedr","Norm","1Fam","4","Othr",1920,2007,"Gable","CompShg","VinylSd","None",0,"TA","Gd","BrkTil","TA","Othr","No","Unf","Unf",0,26.7394839142419,"GasA","Gd","Y","SBrkr",35.7910603363466,0,0,0,2,0,4,1,"TA",7,"Typ",1,"Gd","Attchd",1920,19.1833260932509,"Y",7.41619848709566,0,0,0,0,0,"None","None",0,6,2009,"WD","Normal",11.5607627943844
1364,"60","RL",73,92.1900211519663,"Pave","None","IRG","Lvl","AllPub","Inside","Gtl","Gilbert","Norm","Norm","1Fam","6","5",2006,2007,"Gable","CompShg","VinylSd","None",0,"TA","TA","PConc","Gd","TA","No","Unf","Unf",0,24.8193472919817,"GasA","Ex","Y","SBrkr",24.8193472919817,0,0,0,2,1,3,1,"Gd",6,"Typ",1,"Gd","BuiltIn",2007,20.7846096908265,"Y",0,6,0,0,0,0,"None","None",0,3,2007,"New","Partial",11.9635678694873
1365,"Othr","Othr",30,56.3914887194867,"Pave","Othr","Reg","Lvl","AllPub","Inside","Gtl","Somerst","Norm","Norm","TwnhsE","7","5",2005,2005,"Gable","CompShg","MetalSd","None",0,"Gd","TA","PConc","Gd","TA","No","Unf","Unf",0,24.4948974278318,"GasA","Ex","Y","SBrkr",22.8035085019828,80,0,0,2,1,2,1,"Gd",4,"Typ",0,"None","Detchd",2005,21.9089023002066,"Y",0,12.8840987267251,0,0,0,0,"None","None",0,4,2006,"WD","Abnorml",11.8786235774066
1366,"60","Othr",63.5122194922299,86.6025403784439,"Pave","None","Reg","Lvl","AllPub","Inside","Gtl","Somerst","Norm","Norm","1Fam","7","5",2000,2000,"Gable","CompShg","VinylSd","None",0,"Gd","TA","PConc","Gd","TA","No","GLQ","Unf",0,16.7630546142402,"GasA","Ex","Y","SBrkr",28.5306852353742,0,1,0,2,1,3,1,"Gd",7,"Typ",0,"None","Attchd",2000,25.7487863791675,"Y",0,9.79795897113271,0,0,0,0,"None","None",0,1,2010,"WD","Normal",12.2830336866663
1367,"60","RL",68,95.8070978581441,"Pave","None","IRG","Lvl","AllPub","Inside","Gtl","CollgCr","Norm","Norm","1Fam","7","5",1999,1999,"Gable","CompShg","VinylSd","BrkFace",158,"Gd","TA","PConc","Gd","TA","No","GLQ","Unf",0,15.4919333848297,"GasA","Ex","Y","SBrkr",29.698484809835,0,1,0,2,1,3,1,"Gd",7,"Typ",0,"None","Attchd",1999,24.2487113059643,"Y",0,9.38083151964686,0,0,0,0,"None","None",0,6,2008,"WD","Abnorml",12.170445467887
1368,"Othr","RM",41,51.6236379965612,"Pave","None","Reg","Lvl","AllPub","Inside","Gtl","Othr","Norm","Norm","TwnhsE","5","6",1977,1977,"Gable","CompShg","Othr","None",0,"TA","TA","PConc","TA","TA","No","ALQ","Othr",13.1529464379659,6,"GasA","Ex","Y","SBrkr",30.4138126514911,0,0,0,2,0,4,1,"TA",6,"Typ",1,"TA","Attchd",1977,18.3303027798234,"Y",10.1980390271856,5.09901951359278,0,0,0,0,"None","None",0,7,2006,"WD","Normal",11.7519423654407
1369,"120","RM",55.4436411417393,66.5957956630897,"Pave","None","Reg","Lvl","AllPub","Inside","Gtl","CollgCr","Norm","Norm","TwnhsE","6","5",2003,2004,"Gable","CompShg","VinylSd","BrkFace",170,"Gd","TA","PConc","Gd","TA","Av","GLQ","Unf",0,12.7671453348037,"GasA","Ex","Y","SBrkr",29.1204395571221,0,1,0,1,0,1,1,"Gd",4,"Typ",0,"None","Attchd",2003,20.4939015319192,"Y",11.8321595661992,0,0,0,0,0,"None","None",0,6,2009,"WD","Normal",11.8775685785581
1370,"20","RL",48,103.126136357375,"Pave","None","IRG","Lvl","AllPub","Othr","Gtl","CollgCr","Norm","Norm","1Fam","8","5",2003,2003,"Hip","CompShg","VinylSd","BrkFace",171,"Gd","TA","PConc","Gd","TA","Av","BLQ","Othr",31.1769145362398,17.7482393492988,"GasA","Ex","Y","SBrkr",40.8411557133243,0,1,0,2,0,3,1,"Gd",8,"Typ",1,"TA","Attchd",2003,22.4053565024081,"Y",0,16.1864140562386,0,0,0,0,"None","None",0,5,2010,"WD","Normal",12.3544926506484
1371,"50","RL",90,73.4846922834953,"Pave","None","Reg","Lvl","AllPub","Corner","Gtl","OldTown","Othr","Norm","1Fam","4","6",1920,1950,"Gable","CompShg","Othr","None",0,"Othr","TA","PConc","TA","TA","No","ALQ","Othr",10.2469507659596,20.4939015319192,"GasA","Ex","Y","SBrkr",28.9827534923789,0,0,0,1,0,2,1,"TA",6,"Typ",0,"None","Detchd",1967,18.3847763108502,"Y",0,0,198,0,0,0,"None","None",0,10,2009,"WD","Normal",11.5617156291397
1372,"Othr","RL",80,97.9795897113271,"Pave","None","Reg","Lvl","AllPub","Inside","Gtl","NAmes","Norm","Norm","1Fam","6","6",1955,1996,"Hip","CompShg","Othr","None",0,"TA","TA","CBlock","TA","TA","Av","BLQ","Unf",0,12.6885775404495,"GasA","Gd","Y","SBrkr",40.7553677446297,0,1,0,1,0,3,1,"Gd",8,"Typ",1,"TA","BuiltIn",1955,19.4164878389476,"Y",0,5.29150262212918,0,0,178,0,"MnPrv","None",0,10,2008,"WD","Normal",12.0167264737993
1373,"60","RL",75,98.7420882906575,"Pave","None","Reg","Lvl","AllPub","Corner","Gtl","CollgCr","Norm","Norm","1Fam","7","6",1998,1998,"Gable","CompShg","VinylSd","None",0,"TA","TA","PConc","Gd","TA","Av","GLQ","Unf",0,11.5325625946708,"GasA","Ex","Y","SBrkr",33.2866339541865,0,1,0,2,1,3,1,"Gd",8,"Typ",1,"TA","Detchd",1998,24.1453929352993,"Y",15.9059737205869,13.0384048104053,0,0,0,0,"None","None",0,6,2006,"WD","Normal",12.5219776769257
1374,"20","RL",73.7789260393468,106.770782520313,"Pave","None","Reg","Lvl","AllPub","Inside","Gtl","Othr","Norm","Norm","1Fam","Othr","5",2001,2002,"Hip","CompShg","VinylSd","BrkFace",705,"Othr","TA","PConc","Ex","TA","Gd","GLQ","Unf",0,36.7559518989782,"GasA","Ex","Y","SBrkr",51.31276644267,0,1,0,2,1,2,1,"Ex",8,"Typ",2,"Gd","Attchd",2001,28.3548937575157,"Y",17.7200451466693,11.8321595661992,0,0,0,0,"None","None",0,3,2007,"WD","Normal",13.0530132992695
1375,"60","Othr",85,103.077640640442,"Pave","None","Reg","Lvl","AllPub","Inside","Gtl","Somerst","Norm","Norm","1Fam","7","5",2005,2005,"Gable","CompShg","Othr","None",0,"Gd","TA","PConc","Gd","TA","No","Unf","Unf",0,32.0312347560939,"GasA","Ex","Y","SBrkr",32.0312347560939,0,0,0,2,1,3,1,"Gd",9,"Typ",1,"Gd","Attchd",2005,30.5941170815567,"Y",12.4096736459909,14.4913767461894,0,0,0,0,"None","None",0,7,2008,"WD","Normal",12.4292161968444
1376,"20","RL",89,104.837970220717,"Pave","None","IRG","Othr","AllPub","Inside","Gtl","Othr","Norm","Norm","1Fam","8","5",2007,2007,"Gable","CompShg","VinylSd","BrkFace",80,"Gd","TA","PConc","Gd","TA","Gd","Unf","Unf",0,39.6358423652128,"GasA","Ex","Y","SBrkr",39.6358423652128,0,0,0,2,0,3,1,"Gd",7,"Typ",1,"Gd","Attchd",2007,26.8700576850888,"Y",10,6,0,0,0,0,"None","None",0,12,2007,"New","Partial",12.3842188309136
1377,"Othr","RL",52,79.3221280602078,"Pave","None","Reg","Othr","AllPub","Inside","Gtl","Othr","Norm","Norm","1Fam","6","5",1930,1950,"Gable","CompShg","Wd Sdng","None",0,"TA","TA","BrkTil","Gd","TA","Mn","Rec","Unf",0,19.5959179422654,"GasA","TA","N","SBrkr",28.1069386451104,0,0,0,1,0,2,1,"TA",4,"Typ",0,"None","Detchd",1925,12.6491106406735,"Y",0,11.8743420870379,0,0,0,0,"None","None",0,4,2008,"WD","Normal",11.418614785499
1378,"50","RL",60,104.871349757691,"Pave","Othr","Reg","Lvl","AllPub","Inside","Gtl","Edwards","Norm","Norm","1Fam","5","5",1941,1960,"Gable","CompShg","Wd Sdng","None",0,"TA","TA","CBlock","TA","TA","No","LwQ","Othr",20.4939015319192,12.4899959967968,"GasA","Ex","Y","SBrkr",31.3687742827162,0,0,0,2,0,3,1,"TA",6,"Othr",0,"None","Detchd",1977,25.6904651573303,"Y",0,8.24621125123532,0,0,0,0,"None","None",0,7,2009,"WD","Normal",11.6699292137799
1379,"Othr","RM",21,44.1927595879687,"Pave","None","Reg","Lvl","AllPub","Inside","Gtl","Othr","Norm","Norm","Othr","6","5",1973,1973,"Gable","CompShg","HdBoard","BrkFace",408,"TA","TA","CBlock","TA","Othr","No","BLQ","Unf",0,13.1909059582729,"GasA","TA","Y","SBrkr",21.9772609758359,0,0,0,1,1,2,1,"TA",5,"Typ",0,"None","Detchd",1973,16.2480768092719,"Y",8.48528137423857,0,0,0,0,0,"None","None",0,6,2006,"WD","Normal",11.3265958867787
1380,"Othr","RL",73,98.666103601997,"Pave","None","Reg","Lvl","AllPub","Inside","Gtl","Othr","Norm","Norm","1Fam","5","5",2006,2007,"Gable","CompShg","VinylSd","None",0,"TA","TA","PConc","Gd","TA","No","Unf","Unf",0,19.5959179422654,"GasA","Gd","Y","SBrkr",27.459060435492,0,0,0,2,1,3,1,"Gd",7,"Typ",0,"None","BuiltIn",2007,20,"Y",10,0,0,0,0,0,"None","None",0,5,2008,"WD","Normal",12.0287386302473
1381,"Othr","RL",45,90.6200860736735,"Pave","Othr","Reg","Lvl","AllPub","Inside","Gtl","Edwards","Norm","Norm","1Fam","Othr","Othr",1914,1950,"Gable","CompShg","Othr","None",0,"TA","Othr","BrkTil","TA","Othr","No","Rec","Unf",0,25.7099202643649,"GasA","TA","N","Othr",29.3938769133981,0,1,0,1,0,2,1,"TA",5,"Typ",0,"None","Detchd",1938,14.142135623731,"Y",0,0,96,0,0,0,"None","None",0,6,2010,"WD","Normal",10.9767820332199
1382,"20","RL",77.7934715481554,113.688170009021,"Pave","None","IRG","Lvl","AllPub","Corner","Gtl","NAmes","Norm","Norm","1Fam","6","7",1970,1970,"Gable","CompShg","Othr","None",0,"TA","TA","CBlock","TA","TA","Mn","BLQ","Unf",0,18.4390889145858,"GasA","Ex","Y","SBrkr",46.0108682813094,0,0,0,2,1,4,1,"TA",7,"Typ",2,"Gd","Attchd",1970,23.4520787991171,"Y",0,6.48074069840786,0,0,0,0,"None","None",0,5,2008,"WD","Normal",12.3779229024568
1383,"Othr","RM",60,84.8528137423857,"Pave","None","Reg","Lvl","AllPub","Corner","Gtl","OldTown","Norm","Norm","1Fam","7","7",1920,1950,"Hip","CompShg","Wd Sdng","None",0,"TA","TA","BrkTil","Othr","TA","No","Unf","Unf",0,24.4131112314674,"GasA","Ex","Y","SBrkr",31.5911379978626,0,1,0,1,1,4,1,"Gd",8,"Typ",0,"None","Detchd",1989,24,"N",6,0,221,0,0,0,"None","None",0,10,2006,"WD","Normal",11.9640010843304
1384,"Othr","RL",110.473188234286,159.182285446591,"Pave","None","Reg","Lvl","AllPub","Inside","Gtl","Sawyer","Norm","Norm","1Fam","5","7",1918,2007,"Gable","CompShg","Wd Sdng","None",0,"TA","Gd","BrkTil","TA","TA","No","Unf","Unf",0,28.5657137141714,"GasA","Ex","Y","SBrkr",37.6297754444536,0,0,0,2,0,3,1,"Gd",7,"Typ",0,"None","Attchd",2007,24,"N",0,0,112,0,0,0,"None","None",0,8,2007,"WD","Normal",11.6262541502772
1385,"50","RL",60,95.1840322743264,"Pave","None","Reg","Lvl","AllPub","Inside","Gtl","Edwards","Norm","Norm","1Fam","6","5",1939,1950,"Gable","CompShg","Othr","None",0,"TA","TA","BrkTil","TA","TA","Mn","Rec","Unf",0,18.8679622641132,"GasA","TA","Y","SBrkr",26.4196896272458,0,0,0,1,0,2,1,"TA",6,"Typ",0,"None","Detchd",1939,16.7332005306815,"Othr",0,0,0,0,0,0,"MnPrv","None",0,10,2009,"WD","Normal",11.5617156291397
1386,"50","RM",40,73.7292343646671,"Pave","None","Reg","Lvl","AllPub","Inside","Gtl","Othr","Norm","Norm","1Fam","4","Othr",1922,2007,"Gable","CompShg","VinylSd","None",0,"TA","Gd","BrkTil","TA","TA","No","BLQ","Unf",0,7.81024967590665,"GasA","Gd","Y","SBrkr",28.2134719593318,0,1,0,1,0,3,1,"Gd",7,"Typ",0,"None","Detchd",1922,15.4919333848297,"N",0,9.79795897113271,0,0,0,0,"MnPrv","None",0,5,2010,"WD","Normal",11.740061037554
1387,"60","RL",80,129.197523196074,"Pave","None","IRG","Lvl","AllPub","Inside","Gtl","Othr","Othr","Norm","1Fam","7","5",1978,1978,"Gable","CompShg","Plywood","BrkFace",184,"TA","TA","CBlock","Gd","TA","No","BLQ","Othr",21.6564078277077,11.5325625946708,"GasA","TA","Y","SBrkr",37.3095162123553,0,1,0,3,1,5,1,"Gd",12,"Typ",2,"TA","Attchd",1978,23.7486841740758,"Y",0,10.5830052442584,0,0,440,22.781571499789,"MnPrv","Othr",2000,7,2006,"WD","Normal",12.4292161968444
1388,"50","RM",60,92.3038460737146,"Pave","Othr","Reg","Lvl","AllPub","Inside","Gtl","OldTown","Othr","Norm","1Fam","6","7",1916,1950,"Gable","CompShg","Othr","None",0,"TA","Gd","BrkTil","TA","TA","No","Rec","Othr",23.3666428910958,0,"Othr","TA","N","SBrkr",40.7921561087423,0,0,0,2,0,5,1,"Gd",10,"Typ",1,"Gd","Detchd",1916,14.6969384566991,"Y",9.38083151964686,3.87298334620742,0,0,0,0,"Othr","None",0,8,2007,"Othr","Othr",11.8204101647182
1389,"20","RL",42,122.032782480774,"Pave","None","IRG","Othr","AllPub","CulDSac","Gtl","Gilbert","Norm","Norm","1Fam","Othr","5",2006,2007,"Gable","CompShg","VinylSd","Stone",160,"Othr","TA","PConc","Ex","TA","Gd","GLQ","Unf",0,20.6397674405503,"GasA","Ex","Y","SBrkr",41.7851648315524,0,1,0,2,0,3,1,"Ex",7,"Typ",2,"Gd","Attchd",2006,27.5317997958724,"Y",14.1774468787578,6.2449979983984,0,0,0,0,"None","None",0,10,2009,"WD","Normal",12.8413258476712
1390,"50","RM",60,77.4596669241483,"Pave","None","Reg","Lvl","AllPub","Inside","Gtl","Othr","Norm","Norm","1Fam","6","6",1941,1950,"Gable","CompShg","Wd Sdng","None",0,"TA","Gd","BrkTil","TA","Othr","No","ALQ","Unf",0,18.9736659610103,"GasA","Ex","Y","SBrkr",29.4788059459674,0,0,1,1,0,3,1,"TA",6,"Typ",1,"Gd","Detchd",2003,20.976176963403,"Y",0,0,0,0,0,0,"None","None",0,3,2007,"WD","Normal",11.7829526021833
1391,"20","RL",70,95.3939201416946,"Pave","None","Reg","Lvl","AllPub","Inside","Gtl","CollgCr","Norm","Norm","1Fam","7","5",2000,2000,"Gable","CompShg","VinylSd","BrkFace",244,"Gd","TA","PConc","Gd","TA","Av","GLQ","Unf",0,11.1803398874989,"GasA","Ex","Y","SBrkr",39.0512483795333,0,1,0,2,0,3,1,"Gd",6,"Typ",0,"None","Attchd",2000,23.259406699226,"Y",14.7986485869487,6,0,0,0,0,"None","None",0,9,2006,"WD","Normal",12.3673407931263
1392,"Othr","RL",65,94.5727233402951,"Pave","None","Reg","Lvl","AllPub","Inside","Gtl","NAmes","Norm","Norm","Othr","5","5",1967,1967,"Gable","CompShg","Plywood","None",0,"TA","TA","CBlock","TA","TA","No","Unf","Unf",0,39.7994974842648,"GasA","TA","Y","SBrkr",39.7994974842648,0,0,0,2,0,4,2,"TA",8,"Othr",0,"None","Detchd",1967,28.1424945589406,"Y",0,12.328828005938,0,0,0,0,"None","None",0,4,2009,"WD","Normal",11.7280368445872
1393,"Othr","RL",68,88.5324799155654,"Pave","None","Reg","Lvl","AllPub","Inside","Gtl","NAmes","Norm","Norm","1Fam","5","5",1967,1967,"Gable","CompShg","HdBoard","None",0,"TA","TA","CBlock","TA","TA","Av","ALQ","Unf",0,9.74679434480896,"GasA","TA","Y","SBrkr",30,0,1,0,1,0,3,1,"TA",6,"Typ",1,"Othr","Attchd",1967,16.9705627484771,"Y",13.228756555323,12,0,0,0,0,"Othr","None",0,12,2006,"WD","Normal",11.7199396343546
1394,"Othr","RM",60,103.923048454133,"Pave","Othr","Reg","Lvl","AllPub","Inside","Gtl","OldTown","Norm","Norm","Othr","6","7",1905,2000,"Gable","CompShg","Wd Sdng","None",0,"TA","TA","BrkTil","Othr","TA","No","Unf","Unf",0,21.9544984001001,"GasA","Ex","N","SBrkr",34.9428104193123,0,0,0,2,0,3,2,"TA",7,"Typ",1,"TA","Detchd",2003,25.9229627936314,"Y",0,5,212,0,0,0,"None","None",0,4,2008,"WD","Normal",12.0015054797889
1395,"120","RL",53,63.6003144646314,"Pave","None","Reg","Lvl","AllPub","Inside","Gtl","Othr","Norm","Norm","TwnhsE","7","5",2006,2006,"Hip","CompShg","VinylSd","BrkFace",45,"Gd","TA","PConc","Gd","TA","Av","GLQ","Unf",0,16.9115345252878,"GasA","Ex","Y","SBrkr",38.7298334620742,0,1,0,2,0,2,1,"Gd",6,"Typ",1,"Gd","Attchd",2006,25.4558441227157,"Y",12.6885775404495,4.47213595499958,0,0,0,0,"None","None",0,10,2006,"New","Partial",12.4154336524317
1396,"60","RL",88,112.538882169675,"Pave","None","IRG","Lvl","AllPub","Inside","Gtl","Othr","Norm","Norm","1Fam","8","5",2005,2006,"Hip","CompShg","VinylSd","BrkFace",245,"Gd","TA","PConc","Gd","Othr","Gd","Unf","Unf",0,33.0756708170825,"GasA","Ex","Y","SBrkr",33.6600653594137,0,0,0,2,1,4,1,"Gd",9,"Typ",1,"Gd","BuiltIn",2005,25.3377189186399,"Y",12,6.2449979983984,0,0,0,0,"None","None",0,2,2007,"WD","Normal",12.546867668291
1397,"20","RL",194.346915746515,239.165214862028,"Pave","None","IRG","Othr","AllPub","Inside","Othr","Othr","Norm","Norm","1Fam","5","5",1948,1950,"Gable","CompShg","Wd Sdng","None",0,"TA","TA","CBlock","TA","TA","Av","BLQ","Othr",18.2756668824971,7.74596669241483,"GasA","TA","Y","SBrkr",41.0731055558257,0,1,0,1,0,3,1,"TA",7,"Othr",2,"TA","Detchd",1966,23.9165214862028,"N",0,0,50,0,0,0,"None","None",0,6,2010,"WD","Normal",11.982929094216
1398,"Othr","RM",51,78.2304288624318,"Pave","None","Reg","Lvl","AllPub","Inside","Gtl","Othr","Norm","Norm","1Fam","5","Othr",1920,2004,"Gable","CompShg","MetalSd","None",0,"TA","TA","BrkTil","TA","TA","Mn","Unf","Unf",0,30.6431068920891,"GasA","Ex","Y","SBrkr",30.6431068920891,0,0,0,1,1,4,1,"TA",8,"Typ",0,"None","Detchd",1933,13.4164078649987,"N",4.89897948556636,0,150,0,0,0,"None","None",0,5,2007,"WD","Normal",11.8313791960888
1399,"50","RL",60,84.8528137423857,"Pave","None","Reg","Lvl","AllPub","Inside","Gtl","NAmes","Norm","Norm","1Fam","5","Othr",1950,1982,"Gable","CompShg","VinylSd","None",0,"TA","TA","CBlock","TA","TA","No","Rec","Othr",18.7616630392937,26,"GasA","Gd","Y","FuseA",33.7045990927054,0,1,0,1,1,3,1,"TA",7,"Othr",0,"None","Attchd",1950,15.4919333848297,"Y",0,0,168,0,0,0,"Othr","None",0,5,2009,"WD","Normal",11.8350089641393
1400,"50","RL",51,78.5557127139713,"Pave","None","Reg","Lvl","AllPub","Inside","Gtl","Othr","Norm","Norm","1Fam","6","6",1925,1990,"Gable","CompShg","Othr","None",0,"TA","TA","BrkTil","TA","TA","No","BLQ","Unf",0,26.6833281282527,"GasA","Ex","Y","SBrkr",34.0587727318528,0,0,0,2,1,3,1,"Gd",7,"Typ",1,"Gd","Detchd",1925,14.6969384566991,"Y",12.1243556529821,4,0,0,0,0,"MnPrv","None",0,10,2009,"WD","Normal",11.8310154935934
1401,"50","RM",50,77.4596669241483,"Pave","None","Reg","Lvl","AllPub","Corner","Gtl","Othr","Norm","Norm","1Fam","6","7",1929,1950,"Gable","CompShg","Othr","None",0,"TA","TA","BrkTil","TA","TA","No","Unf","Unf",0,29.3598365118064,"GasA","TA","Y","SBrkr",30.8220700148449,0,0,0,1,0,3,1,"TA",5,"Typ",1,"Gd","BuiltIn",1929,14.422205101856,"Y",0,0,112,0,0,0,"None","None",0,7,2008,"WD","Normal",11.6952470217642
1402,"60","RL",62,86.1103942622492,"Pave","None","IRG","Lvl","AllPub","Inside","Gtl","Gilbert","Norm","Norm","1Fam","6","5",2004,2004,"Gable","CompShg","VinylSd","None",0,"TA","TA","PConc","TA","TA","No","GLQ","Unf",0,8.94427190999916,"GasA","Ex","Y","SBrkr",29.3938769133981,0,1,0,2,1,3,1,"TA",8,"Typ",1,"TA","Attchd",2004,19.94993734326,"Y",10,8.66025403784439,0,0,0,0,"None","None",0,4,2008,"WD","Normal",12.170445467887
1403,"20","RL",64,82.2313808712951,"Pave","None","Reg","Lvl","AllPub","Inside","Gtl","CollgCr","Norm","Norm","1Fam","7","5",2006,2006,"Gable","CompShg","VinylSd","None",0,"Gd","TA","PConc","Gd","Othr","Av","Unf","Unf",0,35.8608421540822,"GasA","Ex","Y","SBrkr",35.9722114972099,0,0,0,2,0,2,1,"Gd",6,"Typ",1,"Gd","Attchd",2006,25.7293606605372,"Y",12.9614813968157,7.41619848709566,0,0,0,0,"None","None",0,7,2006,"New","Partial",12.1749895321164
1404,"20","RL",49,123.515181253156,"Pave","None","IRG","Lvl","AllPub","CulDSac","Gtl","Somerst","Othr","Norm","1Fam","8","5",2007,2007,"Gable","CompShg","VinylSd","Stone",84,"Gd","TA","PConc","Gd","TA","Gd","GLQ","Unf",0,23.5796522451032,"GasA","Ex","Y","SBrkr",38.262252939418,0,1,0,2,0,3,1,"Gd",6,"Typ",0,"None","Attchd",2007,27.459060435492,"Y",12.9614813968157,12.6491106406735,0,0,0,0,"None","None",0,8,2007,"WD","Normal",12.5529265202611
1405,"50","RL",60,102.029407525478,"Pave","Othr","Reg","Lvl","AllPub","Corner","Gtl","OldTown","Othr","Norm","1Fam","Othr","Othr",1915,1950,"Gable","CompShg","Wd Sdng","None",0,"TA","TA","PConc","TA","TA","No","Unf","Unf",0,25.9229627936314,"GasA","TA","Y","SBrkr",26.343879744639,0,0,0,1,0,3,1,"TA",6,"Typ",0,"None","Detchd",1998,30.5941170815567,"Y",14.6969384566991,0,160,0,0,0,"MnPrv","None",0,1,2006,"WD","Othr",11.5617156291397
1406,"120","RM",44,61.9838688692469,"Pave","None","IRG","Othr","AllPub","Inside","Othr","Othr","Norm","Norm","TwnhsE","8","5",2004,2005,"Hip","CompShg","Othr","Stone",174,"Gd","TA","PConc","Ex","TA","Gd","GLQ","Unf",0,14.8660687473185,"GasA","Ex","Y","SBrkr",40.5709255502016,0,1,1,2,0,2,1,"Gd",5,"Typ",1,"Gd","Attchd",2004,21.9544984001001,"Y",11.3137084989848,7.28010988928052,0,0,155,0,"None","None",0,1,2008,"WD","Normal",12.5245263766487
1407,"Othr","RL",70,91.8966811152612,"Pave","None","Reg","Lvl","AllPub","Corner","Gtl","CollgCr","Norm","Norm","1Fam","5","7",1972,2007,"Gable","CompShg","HdBoard","None",0,"TA","TA","CBlock","Gd","TA","Av","GLQ","Unf",0,10.5830052442584,"GasA","TA","Y","SBrkr",27.712812921102,0,1,0,1,0,2,1,"TA",5,"Typ",0,"None","Detchd",1988,19.8997487421324,"Y",7.61577310586391,0,0,0,0,0,"MnPrv","None",0,3,2009,"WD","Normal",11.7981044072039
1408,"20","RL",66.8818052307708,93.7016542009798,"Pave","None","IRG","Lvl","AllPub","Corner","Gtl","Othr","Norm","Norm","1Fam","5","5",1985,1985,"Gable","CompShg","HdBoard","None",0,"TA","TA","CBlock","TA","TA","No","ALQ","Unf",0,14.422205101856,"GasA","Ex","Y","SBrkr",28.8617393793236,0,1,0,1,0,3,1,"TA",5,"Typ",0,"None","None",1985,0,"Y",0,0,0,0,0,0,"MnPrv","None",0,3,2009,"WD","Normal",11.6262541502772
1409,"Othr","RM",60,87.9772697916911,"Pave","None","Reg","Lvl","AllPub","Inside","Gtl","OldTown","Norm","Norm","1Fam","4","7",1910,1950,"Gable","CompShg","VinylSd","None",0,"TA","TA","CBlock","Othr","TA","No","Unf","Unf",0,24.9399278266799,"GasA","Gd","Y","SBrkr",27.2213151776324,0,0,0,1,0,3,1,"TA",6,"Typ",0,"None","Detchd",1966,22.9782505861521,"Y",0,0,0,0,168,0,"None","None",0,6,2010,"WD","Normal",11.740061037554
1410,"60","RL",46,143.331782937351,"Pave","None","IRG","Lvl","AllPub","CulDSac","Gtl","Othr","Norm","Norm","1Fam","7","6",1986,1991,"Gable","CompShg","Plywood","BrkFace",123,"TA","Gd","CBlock","Gd","TA","No","Unf","Unf",0,28.1247222208505,"GasA","Gd","Y","SBrkr",35.1567916624939,0,0,0,2,1,3,1,"TA",7,"Typ",1,"TA","Attchd",1986,23.2808934536456,"Y",19.0787840283389,7.93725393319377,0,0,0,0,"MnPrv","None",0,11,2008,"WD","Normal",12.2783933071098
1411,"60","RL",79,111.44505372604,"Pave","None","Reg","Lvl","AllPub","Inside","Gtl","CollgCr","Norm","Norm","1Fam","7","5",2001,2001,"Gable","CompShg","VinylSd","None",0,"Gd","TA","PConc","Gd","TA","No","GLQ","Unf",0,16.6733320005331,"GasA","Ex","Y","SBrkr",30.7245829914744,0,1,0,2,1,3,1,"Gd",6,"Typ",0,"None","Attchd",2001,24.9399278266799,"Y",0,6.70820393249937,0,0,0,0,"None","None",0,6,2009,"WD","Normal",12.3458345879053
1412,"50","RL",80,97.9795897113271,"Pave","None","Reg","Lvl","AllPub","Inside","Gtl","NAmes","Norm","Norm","1Fam","6","Othr",1950,2005,"Gable","CompShg","VinylSd","None",0,"TA","Gd","CBlock","TA","TA","No","BLQ","Unf",0,27.1293199325011,"GasA","Ex","Y","SBrkr",33.3466640010661,0,0,0,1,1,3,1,"TA",6,"Othr",0,"None","Attchd",1950,16.4620776331543,"Y",0,0,0,0,0,0,"MnPrv","None",0,9,2009,"WD","Normal",11.8493977015914
1413,"Othr","RL",60,84.8528137423857,"Pave","None","Reg","Lvl","AllPub","Inside","Gtl","NAmes","Norm","Norm","Othr","4","5",1949,1950,"Gable","CompShg","Othr","None",0,"TA","TA","Othr","Othr","Othr","Othr","Othr","Othr",0,0,"Othr","Othr","N","Othr",32.2490309931942,0,0,0,2,0,2,2,"TA",6,"Typ",0,"None","Detchd",1956,20.4939015319192,"Y",0,0,0,0,0,0,"None","None",0,6,2009,"WD","Normal",11.4075649493124
1414,"20","RL",88,104.852277037745,"Pave","None","IRG","Lvl","AllPub","Corner","Gtl","Othr","Norm","Norm","1Fam","8","5",2005,2006,"Gable","CompShg","VinylSd","Stone",366,"Gd","TA","PConc","Gd","Othr","No","GLQ","Unf",0,29.4618397253125,"GasA","Ex","Y","SBrkr",42.9418211071678,0,1,0,2,0,2,1,"Gd",7,"Typ",1,"Gd","Attchd",2005,24.8997991959775,"Y",12.8452325786651,6.6332495807108,0,0,0,0,"None","None",0,9,2009,"Othr","Abnorml",12.4568313638774
1415,"50","RL",64,114.249726476697,"Pave","Othr","Reg","Othr","AllPub","Inside","Gtl","Othr","Norm","Norm","1Fam","6","7",1923,2000,"Othr","CompShg","Wd Sdng","None",0,"TA","TA","BrkTil","TA","TA","No","Unf","Unf",0,28.8617393793236,"GasA","Gd","Y","SBrkr",32.4499614791759,0,0,0,1,1,4,1,"Gd",8,"Typ",1,"Gd","Detchd",1922,19.2353840616713,"N",0,0,0,0,220,0,"None","None",0,6,2008,"WD","Normal",12.2404740722475
1416,"120","RL",51,60.2909611799314,"Pave","None","Reg","Lvl","AllPub","Inside","Gtl","Othr","Norm","Norm","TwnhsE","7","5",2007,2007,"Hip","CompShg","VinylSd","BrkFace",130,"Gd","TA","PConc","Gd","TA","No","ALQ","Unf",0,19.94993734326,"GasA","Ex","Y","SBrkr",39.6106046406767,0,0,1,2,0,1,1,"Gd",7,"Typ",1,"TA","Attchd",2007,25.6904651573303,"Y",11.9582607431014,4.47213595499958,0,0,0,0,"None","None",0,5,2009,"WD","Normal",12.0776709307256
1417,"Othr","RM",60,106.489436095793,"Pave","None","Reg","Lvl","AllPub","Inside","Gtl","OldTown","Norm","Norm","Othr","4","6",1885,1950,"Gable","CompShg","VinylSd","None",0,"TA","TA","PConc","TA","TA","No","Unf","Unf",0,27.8747197295327,"GasA","Gd","Y","SBrkr",35.2987251894456,0,0,0,2,0,4,2,"TA",11,"Typ",0,"None","Detchd",1971,23.6643191323985,"N",0,0,114,0,0,0,"None","None",0,4,2010,"WD","Normal",11.7158663089669
1418,"60","RL",87.3230812149664,128.627368782853,"Pave","None","IRG","Lvl","AllPub","Inside","Gtl","Othr","Norm","Norm","1Fam","8","5",1998,1998,"Gable","CompShg","VinylSd","BrkFace",731,"Gd","TA","PConc","Gd","TA","Mn","GLQ","Unf",0,22.4276614920058,"GasA","Ex","Y","SBrkr",36.1939221417077,0,1,0,2,1,3,1,"Gd",7,"Typ",1,"TA","Attchd",1998,32.6955654485436,"Y",0,11.2249721603218,0,0,0,0,"None","None",0,5,2009,"WD","Normal",12.7367008965923
1419,"20","RL",71,95.9374796416917,"Pave","None","Reg","Lvl","AllPub","Inside","Gtl","NAmes","Norm","Norm","1Fam","5","5",1963,1963,"Gable","CompShg","HdBoard","None",0,"TA","TA","CBlock","TA","TA","No","BLQ","Othr",29.5296461204668,15.7162336455017,"GasA","TA","Y","SBrkr",33.8230690505755,0,1,0,1,1,3,1,"TA",6,"Typ",0,"None","Detchd",1962,18.3303027798234,"Y",0,9.38083151964686,0,0,0,0,"None","None",0,8,2008,"Othr","Normal",11.7280368445872
1420,"20","RL",86.8913530422159,127.988280713509,"Pave","None","IRG","Lvl","AllPub","Inside","Gtl","Othr","Norm","Norm","1Fam","6","5",1969,1969,"Gable","CompShg","Plywood","BrkFace",312,"Gd","Gd","CBlock","TA","TA","Av","Rec","Unf",0,27.0924343682881,"GasA","Gd","Y","SBrkr",42.9418211071678,0,1,0,2,0,3,1,"Gd",7,"Typ",1,"TA","Attchd",1969,23.2379000772445,"Y",0,8.54400374531753,216,0,0,0,"None","None",0,12,2006,"WD","Normal",12.3149270504423
1421,"60","RL",90,108.16653826392,"Pave","None","Reg","Lvl","AllPub","Corner","Gtl","Othr","Norm","Norm","1Fam","6","6",1968,1968,"Gable","CompShg","HdBoard","BrkFace",420,"TA","TA","CBlock","TA","TA","No","ALQ","Unf",0,17.4355957741627,"GasA","Gd","Y","SBrkr",26.6082693913001,0,0,0,2,1,3,1,"TA",7,"Typ",1,"TA","Attchd",1968,27.8567765543682,"Y",0,13,0,0,119,0,"None","None",0,5,2006,"WD","Normal",12.1001564199386
1422,"120","RL",53,63.5845893279181,"Pave","None","Reg","Lvl","AllPub","Inside","Gtl","Othr","Norm","Norm","TwnhsE","6","5",1977,1977,"Gable","CompShg","Plywood","None",0,"TA","TA","CBlock","Gd","TA","No","ALQ","Unf",0,26.6270539113887,"GasA","TA","Y","SBrkr",32.6955654485436,0,0,0,2,0,2,1,"TA",4,"Typ",1,"Othr","Attchd",1977,20.976176963403,"Y",0,7.41619848709566,0,0,165,0,"None","None",0,7,2010,"WD","Normal",11.7558716435806
1423,"120","RM",37,66.5957956630897,"Pave","None","Reg","Lvl","AllPub","Inside","Gtl","CollgCr","Norm","Norm","TwnhsE","6","5",2003,2003,"Gable","CompShg","VinylSd","BrkFace",170,"Gd","TA","PConc","Gd","TA","Av","GLQ","Unf",0,12.7279220613579,"GasA","Ex","Y","SBrkr",29.1204395571221,0,1,0,1,0,1,1,"Gd",3,"Typ",0,"None","Attchd",2003,20.4939015319192,"Y",11.8321595661992,0,0,0,0,0,"None","None",0,3,2008,"WD","Normal",11.8240798936072
1424,"Othr","RL",95.6022586741159,140.321060429288,"Pave","None","IRG","Lvl","AllPub","CulDSac","Gtl","Edwards","Norm","Norm","1Fam","6","7",1966,1966,"Othr","Othr","Plywood","None",0,"Gd","Gd","CBlock","Gd","TA","Av","Unf","Unf",0,26.4007575648882,"GasA","TA","Y","SBrkr",39.6862696659689,0,0,0,2,0,4,1,"Gd",8,"Typ",1,"Gd","Attchd",1966,20.7846096908265,"Y",24.2074368738204,15.3622914957372,0,0,0,27.1661554144122,"Othr","None",0,8,2006,"WD","Othr",12.5244172797888
1425,"20","RL",68.7850946752748,97.4833319085884,"Pave","None","Reg","Lvl","AllPub","Inside","Gtl","NAmes","Norm","Norm","1Fam","5","5",1958,1983,"Hip","CompShg","HdBoard","None",0,"TA","TA","CBlock","TA","TA","No","ALQ","Othr",19.3390796058137,13.8924439894498,"GasA","TA","Y","SBrkr",36.6606055596467,0,1,0,1,0,2,1,"TA",6,"Othr",1,"TA","Detchd",1970,22,"Y",17.7763888346312,5.29150262212918,0,0,0,0,"Othr","None",0,6,2007,"WD","Normal",11.8775685785581
1426,"20","RL",80,103.542261903051,"Pave","None","IRG","Lvl","AllPub","Inside","Gtl","NAmes","Norm","Norm","1Fam","6","6",1959,1959,"Hip","CompShg","HdBoard","Stone",243,"Gd","TA","CBlock","TA","TA","No","Unf","Unf",0,35.3836120259083,"GasA","Ex","Y","SBrkr",35.3836120259083,0,0,0,1,0,3,1,"Gd",7,"Typ",0,"None","Detchd",1960,22.9782505861521,"Y",0,6.2449979983984,0,0,0,0,"None","None",0,10,2008,"WD","Normal",11.8635823365834
1427,"60","RL",81,104.613574644976,"Pave","None","IRG","Lvl","AllPub","Inside","Gtl","Othr","Norm","Norm","1Fam","7","5",1994,1994,"Gable","CompShg","VinylSd","BrkFace",448,"Gd","TA","PConc","Gd","TA","No","GLQ","Unf",0,14.9331845230681,"GasA","Ex","Y","SBrkr",34.9714169000914,0,1,0,2,1,3,1,"Gd",5,"Typ",2,"TA","Attchd",1994,22.9128784747792,"Y",13.076696830622,11.4891252930761,0,0,0,0,"None","None",0,8,2008,"WD","Normal",12.5098740998618
1428,"50","RL",60,104.546640309481,"Pave","Othr","Reg","Othr","AllPub","Inside","Gtl","NAmes","Othr","Norm","1Fam","5","6",1945,1950,"Gable","CompShg","MetalSd","None",0,"TA","TA","CBlock","TA","TA","No","BLQ","Unf",0,18.2482875908947,"GasA","TA","Y","FuseA",32.3728281124773,0,1,0,1,1,3,1,"TA",6,"Typ",1,"TA","Attchd",1962,16.9705627484771,"Y",0,0,0,0,0,0,"None","None",0,4,2008,"WD","Normal",11.8493977015914
1429,"Othr","RM",60,84.8528137423857,"Pave","None","Reg","Lvl","AllPub","Corner","Gtl","OldTown","Norm","Norm","1Fam","5","7",1940,1992,"Gable","CompShg","MetalSd","Stone",294,"TA","Gd","CBlock","TA","TA","No","BLQ","Unf",0,16.6733320005331,"GasA","TA","Y","SBrkr",28.3548937575157,0,1,0,1,0,2,1,"Gd",4,"Typ",2,"Gd","Attchd",1940,15.4919333848297,"Y",0,0,154,0,0,0,"MnPrv","None",0,2,2010,"WD","Abnorml",11.6868787720937
1430,"20","RL",76.7957582708842,112.008928215567,"Pave","None","IRG","Lvl","AllPub","Corner","Gtl","Othr","Norm","Norm","1Fam","6","7",1981,1981,"Gable","CompShg","MetalSd","BrkFace",310,"Gd","Gd","CBlock","Gd","TA","No","BLQ","Unf",0,27.6043474836845,"GasA","Ex","Y","SBrkr",37.9473319220206,0,0,0,2,0,3,1,"Gd",7,"Typ",1,"TA","Attchd",1981,21.6101827849743,"Y",0,0,99,0,0,0,"None","None",0,4,2007,"WD","Normal",12.116694834379
1431,"60","RL",60,148.087811787466,"Pave","None","IRG","Lvl","AllPub","Inside","Gtl","Gilbert","Othr","Norm","1Fam","5","5",2005,2005,"Gable","CompShg","VinylSd","None",0,"Gd","TA","PConc","Gd","Othr","Av","Unf","Unf",0,27.0554985169374,"GasA","Ex","Y","SBrkr",27.0924343682881,0,0,0,2,1,4,1,"TA",7,"Typ",1,"Gd","BuiltIn",2005,19.2873015219859,"Y",10,6.32455532033676,0,0,0,0,"None","None",0,7,2006,"WD","Normal",12.1659795519637
1432,"120","RL",56.7414581488492,70.199715099137,"Pave","None","IRG","Lvl","AllPub","Inside","Gtl","Othr","Norm","Norm","TwnhsE","6","6",1976,1976,"Gable","CompShg","Plywood","None",0,"TA","TA","CBlock","Gd","TA","No","LwQ","Unf",0,0,"GasA","TA","Y","SBrkr",30.9515750810843,0,0,0,2,0,2,1,"TA",5,"Typ",0,"None","Attchd",1976,20.976176963403,"Y",0,7.74596669241483,0,0,0,0,"None","None",0,10,2009,"WD","Normal",11.8758309586596
1433,"Othr","RL",60,103.923048454133,"Pave","Othr","Reg","Lvl","AllPub","Inside","Gtl","OldTown","Norm","Norm","1Fam","4","6",1927,2007,"Gable","CompShg","Wd Sdng","None",0,"TA","TA","BrkTil","TA","TA","No","Unf","Unf",0,25.6124969497314,"GasA","TA","Y","SBrkr",31.1126983722081,0,0,0,2,0,4,1,"TA",5,"Typ",0,"None","Detchd",1928,14.6969384566991,"Y",0,0,0,0,0,0,"None","None",0,8,2007,"WD","Normal",11.0744205027839
1434,"60","RL",93,101.29659421718,"Pave","None","IRG","Lvl","AllPub","Inside","Gtl","Gilbert","Norm","Norm","1Fam","6","5",2000,2000,"Gable","CompShg","VinylSd","BrkFace",318,"TA","TA","PConc","Gd","TA","No","Unf","Unf",0,30.5941170815567,"GasA","Ex","Y","SBrkr",31.0161248385416,0,1,0,2,1,3,1,"TA",8,"Typ",1,"TA","Attchd",2000,21.2367605815953,"Y",0,0,0,0,0,0,"None","None",0,5,2008,"WD","Normal",12.136186518066
1435,"20","RL",80,131.909059582729,"Pave","None","Reg","Othr","AllPub","Inside","Othr","Othr","Norm","Norm","1Fam","5","5",1977,1977,"Gable","CompShg","Othr","None",0,"TA","TA","CBlock","TA","TA","No","ALQ","Unf",0,13.7840487520902,"GasA","Othr","Y","SBrkr",33.555923471125,0,1,0,2,0,3,1,"TA",5,"Typ",1,"Gd","Attchd",1977,22,"Othr",17.1755640373177,6.40312423743285,0,0,0,0,"None","None",0,5,2006,"WD","Normal",11.982929094216
1436,"20","RL",80,91.6515138991168,"Pave","None","Reg","Lvl","AllPub","Inside","Gtl","NAmes","Norm","Norm","1Fam","6","Othr",1962,2005,"Gable","CompShg","Wd Sdng","BrkFace",237,"Gd","Gd","CBlock","TA","TA","No","Unf","Unf",0,36.3180395946698,"GasA","TA","Y","SBrkr",39.2045915678253,0,1,0,1,1,3,1,"Gd",7,"Typ",1,"Gd","Attchd",1962,21.4941852602047,"Y",0,6,0,0,0,0,"Othr","None",0,7,2008,"Othr","Abnorml",12.0668105781967
1437,"20","RL",60,94.8683298050514,"Pave","None","Reg","Lvl","AllPub","Othr","Gtl","NAmes","Norm","Norm","1Fam","4","6",1971,1971,"Gable","CompShg","HdBoard","None",0,"TA","TA","PConc","TA","TA","No","ALQ","Unf",0,15.7480157480236,"GasA","TA","Y","SBrkr",29.3938769133981,0,0,0,1,0,3,1,"TA",5,"Typ",0,"None","Detchd",1974,22.9782505861521,"Y",0,0,0,0,0,0,"Othr","None",0,5,2007,"WD","Normal",11.6994050319128
1438,"20","RL",96,111.552678139075,"Pave","None","Reg","Lvl","AllPub","Othr","Gtl","NridgHt","Norm","Norm","1Fam","8","5",2008,2008,"Hip","CompShg","VinylSd","Stone",426,"Othr","TA","PConc","Ex","TA","Av","GLQ","Unf",0,24.4131112314674,"GasA","Ex","Y","SBrkr",43.9545219516718,0,1,0,2,0,2,1,"Ex",7,"Typ",1,"Gd","Attchd",2008,27.8208554864871,"Y",0,8.12403840463596,0,304,0,0,"None","None",0,11,2008,"New","Partial",12.8856709532443
1439,"20","RM",90,86.0639297266863,"Pave","None","Reg","Lvl","AllPub","Inside","Gtl","OldTown","Othr","Norm","1Fam","6","7",1957,1996,"Gable","CompShg","MetalSd","None",0,"TA","TA","CBlock","TA","TA","No","GLQ","Unf",0,17.6635217326557,"GasA","TA","Y","FuseA",35.1567916624939,0,1,0,1,0,2,1,"TA",6,"Typ",0,"None","Attchd",1957,30.3809150619266,"Y",0,12.5698050899765,158,0,0,0,"MnPrv","None",0,4,2010,"WD","Normal",11.9163885704077
1440,"60","RL",80,107.62899237659,"Pave","None","Reg","Lvl","AllPub","Inside","Gtl","Othr","Norm","Norm","1Fam","7","6",1979,1979,"Hip","CompShg","HdBoard","BrkFace",96,"TA","TA","CBlock","TA","TA","No","GLQ","Othr",10.4880884817015,10.6770782520313,"GasA","TA","Y","SBrkr",32.2490309931942,0,0,0,2,1,3,1,"TA",6,"Typ",1,"TA","Attchd",1979,23.4520787991171,"Y",0,9.38083151964686,216,0,0,0,"None","None",0,11,2007,"WD","Normal",12.1909590077201
1441,"Othr","RL",79,107.359210131223,"Pave","None","IRG","Othr","AllPub","Inside","Othr","Othr","Norm","Norm","1Fam","6","7",1922,1994,"Gable","CompShg","MetalSd","None",0,"TA","TA","BrkTil","Ex","TA","No","Unf","Unf",0,24.2487113059643,"GasA","Othr","Y","SBrkr",37.72267222772,384,0,0,2,0,3,1,"TA",11,"Othr",1,"Gd","Detchd",1993,25.9229627936314,"Y",20.7605394920267,0,0,0,0,0,"None","None",0,9,2008,"WD","Normal",12.1600287070288
1442,"120","RM",55.4199487420152,66.5281895139196,"Pave","None","Reg","Lvl","AllPub","Inside","Gtl","CollgCr","Norm","Norm","TwnhsE","6","5",2004,2004,"Gable","CompShg","VinylSd","BrkFace",147,"Gd","TA","PConc","Gd","TA","Av","GLQ","Unf",0,12.2882057274445,"GasA","Ex","Y","SBrkr",29.1204395571221,0,1,0,1,0,1,1,"Gd",3,"Typ",1,"TA","Attchd",2004,20.4939015319192,"Y",12.2065556157337,0,0,0,0,0,"None","None",0,5,2008,"WD","Normal",11.9137129835273
1443,"60","Othr",85,104.895185780855,"Pave","None","Reg","Lvl","AllPub","Inside","Gtl","Somerst","Norm","Norm","1Fam","Othr","5",2008,2008,"Gable","CompShg","VinylSd","Stone",160,"Othr","TA","PConc","Ex","TA","Av","GLQ","Unf",0,15.8745078663875,"GasA","Ex","Y","SBrkr",32.0312347560939,0,1,0,2,1,3,1,"Ex",10,"Typ",1,"Othr","Attchd",2008,28.49561369755,"Y",12.9614813968157,7.21110255092798,0,0,0,0,"None","None",0,4,2009,"WD","Normal",12.6443275764613
1444,"Othr","RL",67.0766094062802,94.0956959695819,"Pave","None","Reg","Lvl","AllPub","Inside","Gtl","Othr","Norm","Norm","1Fam","6","6",1916,1950,"Gable","CompShg","Wd Sdng","None",0,"TA","TA","BrkTil","TA","TA","No","Unf","Unf",0,30.854497241083,"Othr","Othr","N","Othr",30.854497241083,0,0,0,1,0,2,1,"Othr",4,"Typ",1,"Gd","Detchd",1916,13.856406460551,"Othr",0,9.89949493661167,0,0,40,0,"None","None",0,5,2009,"WD","Normal",11.7035458245789
1445,"20","RL",63,92.1954445729289,"Pave","None","Reg","Lvl","AllPub","Othr","Gtl","CollgCr","Norm","Norm","1Fam","7","5",2004,2004,"Gable","CompShg","VinylSd","BrkFace",106,"Gd","TA","PConc","Gd","TA","Av","Unf","Unf",0,37.7094152699296,"GasA","Ex","Y","SBrkr",37.7094152699296,0,0,0,2,0,3,1,"Gd",7,"Typ",0,"None","Attchd",2004,25.0199920063936,"Y",13.856406460551,7.74596669241483,0,0,0,0,"None","None",0,11,2007,"WD","Normal",12.0984874348502
1446,"Othr","RL",70,91.6515138991168,"Pave","None","Reg","Lvl","AllPub","Inside","Gtl","Sawyer","Norm","Norm","1Fam","6","5",1966,1966,"Gable","CompShg","VinylSd","None",0,"TA","TA","CBlock","TA","TA","Gd","LwQ","Othr",25.0399680510978,0,"GasA","Gd","Y","SBrkr",30.2158898594763,0,1,0,1,0,3,1,"TA",6,"Typ",0,"None","Detchd",1990,15.4919333848297,"Y",0,0,252,0,0,0,"None","None",0,5,2007,"WD","Normal",11.7675676833438
1447,"20","RL",112.587076787449,161.684878699277,"Pave","None","IRG","Lvl","AllPub","CulDSac","Gtl","Othr","Norm","Norm","1Fam","5","7",1962,1962,"Gable","CompShg","HdBoard","BrkFace",189,"TA","TA","CBlock","TA","TA","No","Rec","Unf",0,24.3926218353009,"GasA","TA","Y","SBrkr",34.4673758792282,0,0,0,1,0,3,1,"TA",6,"Typ",0,"None","Attchd",1962,17.6635217326557,"Othr",16.1554944214035,6.2449979983984,0,0,0,0,"None","None",0,4,2010,"WD","Normal",11.9697172002437
1448,"60","RL",80,100,"Pave","None","Reg","Lvl","AllPub","Inside","Gtl","CollgCr","Norm","Norm","1Fam","8","5",1995,1996,"Gable","CompShg","VinylSd","BrkFace",438,"Gd","TA","PConc","Gd","TA","No","GLQ","Unf",0,11.8743420870379,"GasA","Ex","Y","SBrkr",34.928498393146,0,1,0,2,1,3,1,"Gd",8,"Typ",1,"TA","Attchd",1995,23.5796522451032,"Y",0,8.06225774829855,0,0,0,0,"None","None",0,12,2007,"WD","Normal",12.3883942023241
1449,"50","RL",70,108.475803753648,"Pave","None","Reg","Lvl","AllPub","Inside","Gtl","Edwards","Norm","Norm","1Fam","4","7",1910,2000,"Gable","CompShg","MetalSd","None",0,"TA","TA","CBlock","Othr","TA","No","Unf","Unf",0,23.6643191323985,"GasA","Gd","N","SBrkr",28.2134719593318,0,0,0,1,1,2,1,"TA",6,"Othr",0,"None","Detchd",1950,19.5959179422654,"Y",12.9614813968157,4.89897948556636,0,0,0,0,"Othr","None",0,5,2007,"WD","Normal",11.6262541502772
1450,"Othr","RM",21,39.1535439009038,"Pave","None","Reg","Lvl","AllPub","Inside","Gtl","Othr","Norm","Norm","Othr","5","7",1970,1970,"Gable","CompShg","Othr","None",0,"TA","TA","CBlock","Gd","TA","Av","GLQ","Unf",0,8.77496438739212,"GasA","Ex","Y","SBrkr",25.0998007960223,0,1,0,1,0,1,1,"Ex",3,"Typ",0,"None","None",1967,0,"Y",0,0,0,0,0,0,"None","None",0,8,2006,"WD","Abnorml",11.4295438560312
1451,"Othr","RL",60,94.8683298050514,"Pave","None","Reg","Lvl","AllPub","Othr","Gtl","NAmes","Norm","Norm","Othr","5","5",1974,1974,"Gable","CompShg","VinylSd","None",0,"TA","TA","CBlock","Gd","TA","No","Unf","Unf",0,29.9332590941915,"GasA","TA","Y","SBrkr",29.9332590941915,0,0,0,2,2,4,2,"TA",8,"Typ",0,"None","None",1922,0,"Y",5.65685424949238,6.70820393249937,0,0,0,0,"None","None",0,9,2009,"WD","Normal",11.8204101647182
1452,"20","RL",78,96.2392851178769,"Pave","None","Reg","Lvl","AllPub","Inside","Gtl","Somerst","Norm","Norm","1Fam","8","5",2008,2009,"Gable","CompShg","Othr","Stone",194,"Gd","TA","PConc","Gd","TA","No","Unf","Unf",0,39.6610640301039,"GasA","Ex","Y","SBrkr",39.7240481320824,0,0,0,2,0,3,1,"Ex",7,"Typ",1,"Gd","Attchd",2008,28.9827534923789,"Y",0,6,0,0,0,0,"None","None",0,5,2009,"New","Partial",12.5675510344332
1453,"Othr","RM",35,60.6217782649107,"Pave","None","Reg","Lvl","AllPub","Inside","Gtl","Edwards","Norm","Norm","TwnhsE","5","5",2005,2005,"Gable","CompShg","VinylSd","BrkFace",80,"TA","TA","PConc","Gd","TA","Gd","GLQ","Unf",0,0,"GasA","Gd","Y","SBrkr",32.7414110874898,0,1,0,1,0,2,1,"TA",5,"Typ",0,"None","Othr",2005,22.9128784747792,"Y",0,5.29150262212918,0,0,0,0,"None","None",0,5,2006,"WD","Normal",11.8844890214027
1454,"20","RL",90,131.213566371774,"Pave","None","Reg","Lvl","AllPub","Inside","Gtl","Othr","Norm","Norm","1Fam","5","5",2006,2006,"Gable","CompShg","VinylSd","None",0,"TA","TA","PConc","Gd","TA","No","Unf","Unf",0,33.7638860322683,"GasA","Ex","Y","SBrkr",33.7638860322683,0,0,0,1,0,3,1,"TA",6,"Typ",0,"None","None",1916,0,"Y",6,7.48331477354788,0,0,0,0,"None","None",0,7,2006,"WD","Abnorml",11.3445068133453
1455,"20","Othr",62,86.6025403784439,"Pave","Othr","Reg","Lvl","AllPub","Inside","Gtl","Somerst","Norm","Norm","1Fam","7","5",2004,2005,"Gable","CompShg","VinylSd","None",0,"Gd","TA","PConc","Gd","TA","No","GLQ","Unf",0,28.4780617317963,"GasA","Ex","Y","SBrkr",34.9428104193123,0,1,0,2,0,2,1,"Gd",6,"Typ",0,"None","Attchd",2004,20,"Y",0,10.6301458127346,0,0,0,0,"None","None",0,10,2009,"WD","Normal",12.1281111040605
1456,"60","RL",62,88.9775252521669,"Pave","None","Reg","Lvl","AllPub","Inside","Gtl","Gilbert","Norm","Norm","1Fam","6","5",1999,2000,"Gable","CompShg","VinylSd","None",0,"TA","TA","PConc","Gd","TA","No","Unf","Unf",0,30.8706980808663,"GasA","Ex","Y","SBrkr",30.8706980808663,0,0,0,2,1,3,1,"TA",7,"Typ",1,"TA","Attchd",1999,21.4476105895272,"Y",0,6.32455532033676,0,0,0,0,"None","None",0,8,2007,"WD","Normal",12.0725412529057
1457,"20","RL",85,114.78240283249,"Pave","None","Reg","Lvl","AllPub","Inside","Gtl","Othr","Norm","Norm","1Fam","6","6",1978,1988,"Gable","CompShg","Plywood","Stone",119,"TA","TA","CBlock","Gd","TA","No","ALQ","Othr",12.7671453348037,24.2693221990232,"GasA","TA","Y","SBrkr",45.5302097513288,0,1,0,2,0,3,1,"TA",7,"Othr",2,"TA","Attchd",1978,22.3606797749979,"Y",18.6815416922694,0,0,0,0,0,"MnPrv","None",0,2,2010,"WD","Normal",12.2548628096996
1458,"Othr","RL",66,95.0894315894253,"Pave","None","Reg","Lvl","AllPub","Inside","Gtl","Othr","Norm","Norm","1Fam","7","Othr",1941,2006,"Gable","CompShg","Othr","None",0,"Othr","Gd","Othr","TA","Othr","No","GLQ","Unf",0,29.6141857899217,"GasA","Ex","Y","SBrkr",34.4673758792282,0,0,0,2,0,4,1,"Gd",9,"Typ",2,"Gd","Attchd",1941,15.8745078663875,"Y",0,7.74596669241483,0,0,0,0,"Othr","Othr",2500,5,2010,"WD","Normal",12.493129522588
1459,"20","RL",68,98.5748446613029,"Pave","None","Reg","Lvl","AllPub","Inside","Gtl","NAmes","Norm","Norm","1Fam","5","6",1950,1996,"Hip","CompShg","MetalSd","None",0,"TA","TA","CBlock","TA","TA","Mn","GLQ","Othr",32.0780298646909,0,"GasA","Gd","Y","FuseA",32.832910318764,0,1,0,1,0,2,1,"Gd",5,"Typ",0,"None","Attchd",1950,15.4919333848297,"Y",19.131126469709,0,112,0,0,0,"None","None",0,4,2010,"WD","Normal",11.8644622310528
1460,"20","RL",75,99.6845023060255,"Pave","None","Reg","Lvl","AllPub","Inside","Gtl","Edwards","Norm","Norm","1Fam","5","6",1965,1965,"Gable","CompShg","HdBoard","None",0,"Gd","TA","CBlock","TA","TA","No","BLQ","Othr",17.0293863659264,11.6619037896906,"GasA","Gd","Y","SBrkr",35.4400902933387,0,1,0,1,1,3,1,"TA",6,"Typ",0,"None","Attchd",1965,16.6132477258361,"Y",27.1293199325011,8.24621125123532,0,0,0,0,"None","None",0,6,2008,"WD","Normal",11.901583454762
